V 0 32837.21 108061.66
V 1 32583.91 108077.92
V 2 32583.73 108077.93
V 3 32370.94 108091.93
V 4 32291.40 108106.80
V 5 32291.18 108106.84
V 6 32286.04 108107.49
V 7 32274.65 108110.43
V 8 32158.68 108136.27
V 9 32100.80 108160.21
V 10 32100.73 108160.23
V 11 32100.60 108160.28
V 12 32100.43 108160.33
V 13 32100.25 108160.37
V 14 32100.22 108160.37
V 15 32077.43 108165.77
V 16 32035.18 108187.12
V 17 32034.93 108187.23
V 18 32034.67 108187.32
V 19 32029.93 108188.65
V 20 31971.19 108224.95
V 21 31971.11 108224.99
V 22 31971.00 108225.06
V 23 31970.98 108225.07
V 24 31970.88 108225.13
V 25 31970.72 108225.21
V 26 31970.56 108225.28
V 27 31970.50 108225.31
V 28 31921.12 108243.62
V 29 31887.91 108269.72
V 30 31887.79 108269.82
V 31 31887.49 108270.00
V 32 31887.33 108270.08
V 33 31887.17 108270.15
V 34 31875.23 108274.90
V 35 31849.00 108298.21
V 36 31848.97 108298.24
V 37 31848.70 108298.47
V 38 31848.40 108298.65
V 39 31848.24 108298.73
V 40 31848.21 108298.74
V 41 31848.17 108298.77
V 42 31837.72 108303.31
V 43 31813.75 108327.29
V 44 31813.48 108327.52
V 45 31813.18 108327.70
V 46 31813.05 108327.76
V 47 31813.03 108327.78
V 48 31803.70 108332.19
V 49 31781.51 108357.13
V 50 31781.39 108357.25
V 51 31781.12 108357.48
V 52 31780.82 108357.66
V 53 31749.20 108373.80
V 54 31701.72 108451.12
V 55 31701.69 108451.15
V 56 31701.60 108451.30
V 57 31701.37 108451.57
V 58 31701.25 108451.69
V 59 31700.98 108451.92
V 60 31700.82 108452.02
V 61 31691.70 108457.74
V 62 31676.31 108485.85
V 63 31676.12 108486.16
V 64 31675.89 108486.43
V 65 31675.77 108486.55
V 66 31675.50 108486.78
V 67 31675.36 108486.87
V 68 31668.98 108491.16
V 69 31654.65 108521.12
V 70 31654.63 108521.15
V 71 31654.57 108521.26
V 72 31654.39 108521.56
V 73 31654.16 108521.83
V 74 31654.04 108521.95
V 75 31653.77 108522.18
V 76 31653.65 108522.25
V 77 31647.76 108526.49
V 78 31635.01 108557.32
V 79 31634.99 108557.34
V 80 31634.95 108557.44
V 81 31634.87 108557.60
V 82 31634.69 108557.90
V 83 31634.46 108558.17
V 84 31634.34 108558.29
V 85 31634.12 108558.48
V 86 31634.07 108558.52
V 87 31634.05 108558.53
V 88 31628.06 108563.14
V 89 31616.68 108595.35
V 90 31616.64 108595.45
V 91 31616.57 108595.61
V 92 31616.49 108595.77
V 93 31616.31 108596.07
V 94 31616.08 108596.34
V 95 31615.96 108596.46
V 96 31615.68 108596.70
V 97 31606.06 108604.64
V 98 31592.72 108647.55
V 99 31592.68 108647.70
V 100 31592.62 108647.86
V 101 31592.55 108648.02
V 102 31592.47 108648.18
V 103 31592.29 108648.48
V 104 31592.06 108648.75
V 105 31591.94 108648.87
V 106 31591.67 108649.10
V 107 31591.65 108649.11
V 108 31568.54 108668.76
V 109 31553.22 108717.19
V 110 31553.15 108717.38
V 111 31553.08 108717.54
V 112 31553.00 108717.70
V 113 31552.82 108718.00
V 114 31552.59 108718.27
V 115 31552.47 108718.39
V 116 31552.37 108718.48
V 117 31530.73 108736.97
V 118 31515.13 108786.37
V 119 31515.06 108786.56
V 120 31514.99 108786.72
V 121 31514.91 108786.88
V 122 31514.73 108787.18
V 123 31514.50 108787.45
V 124 31514.38 108787.57
V 125 31514.28 108787.66
V 126 31492.50 108806.25
V 127 31476.92 108855.57
V 128 31476.85 108855.76
V 129 31476.78 108855.92
V 130 31476.70 108856.08
V 131 31476.52 108856.38
V 132 31476.29 108856.65
V 133 31476.17 108856.77
V 134 31476.07 108856.86
V 135 31454.31 108875.45
V 136 31438.73 108924.78
V 137 31438.66 108924.97
V 138 31438.59 108925.13
V 139 31438.51 108925.29
V 140 31438.33 108925.59
V 141 31438.10 108925.86
V 142 31437.98 108925.98
V 143 31437.88 108926.07
V 144 31416.12 108944.65
V 145 31400.53 108993.98
V 146 31400.46 108994.17
V 147 31400.39 108994.33
V 148 31400.31 108994.49
V 149 31400.13 108994.79
V 150 31399.90 108995.06
V 151 31399.78 108995.18
V 152 31399.68 108995.27
V 153 31377.92 109013.86
V 154 31362.34 109063.18
V 155 31362.27 109063.37
V 156 31362.20 109063.53
V 157 31362.12 109063.69
V 158 31361.94 109063.99
V 159 31361.71 109064.26
V 160 31361.59 109064.38
V 161 31361.49 109064.47
V 162 31339.73 109083.05
V 163 31324.15 109132.39
V 164 31324.08 109132.58
V 165 31324.01 109132.74
V 166 31323.93 109132.90
V 167 31323.75 109133.20
V 168 31323.52 109133.47
V 169 31323.40 109133.59
V 170 31323.30 109133.68
V 171 31301.53 109152.27
V 172 31285.95 109201.59
V 173 31285.88 109201.78
V 174 31285.81 109201.94
V 175 31285.73 109202.10
V 176 31285.55 109202.40
V 177 31285.32 109202.67
V 178 31285.20 109202.79
V 179 31285.10 109202.88
V 180 31263.34 109221.47
V 181 31247.75 109270.80
V 182 31247.68 109270.99
V 183 31247.61 109271.15
V 184 31247.53 109271.31
V 185 31247.35 109271.61
V 186 31247.12 109271.88
V 187 31247.00 109272.00
V 188 31246.90 109272.09
V 189 31225.13 109290.68
V 190 31209.55 109340.00
V 191 31209.48 109340.19
V 192 31209.41 109340.35
V 193 31209.33 109340.51
V 194 31209.15 109340.81
V 195 31208.92 109341.08
V 196 31208.80 109341.20
V 197 31208.70 109341.29
V 198 31186.95 109359.86
V 199 31171.37 109409.20
V 200 31171.30 109409.39
V 201 31171.23 109409.55
V 202 31171.15 109409.71
V 203 31170.97 109410.01
V 204 31170.74 109410.28
V 205 31170.62 109410.40
V 206 31170.52 109410.49
V 207 31148.75 109429.08
V 208 31133.17 109478.41
V 209 31133.10 109478.60
V 210 31133.03 109478.76
V 211 31132.95 109478.92
V 212 31132.77 109479.22
V 213 31132.54 109479.49
V 214 31132.42 109479.61
V 215 31132.32 109479.70
V 216 31110.56 109498.28
V 217 31094.97 109547.61
V 218 31094.90 109547.80
V 219 31094.83 109547.96
V 220 31094.75 109548.12
V 221 31094.57 109548.42
V 222 31094.34 109548.69
V 223 31094.22 109548.81
V 224 31094.12 109548.90
V 225 31072.36 109567.48
V 226 31056.78 109616.81
V 227 31056.71 109617.00
V 228 31056.64 109617.16
V 229 31056.56 109617.32
V 230 31056.38 109617.62
V 231 31056.15 109617.89
V 232 31056.03 109618.01
V 233 31055.93 109618.10
V 234 31034.17 109636.69
V 235 31018.58 109686.02
V 236 31018.51 109686.21
V 237 31018.44 109686.37
V 238 31018.36 109686.53
V 239 31018.18 109686.83
V 240 31017.95 109687.10
V 241 31017.83 109687.22
V 242 31017.73 109687.31
V 243 30996.04 109705.82
V 244 30995.79 109706.46
V 245 30980.39 109755.22
V 246 30980.32 109755.41
V 247 30980.25 109755.57
V 248 30980.17 109755.73
V 249 30979.99 109756.03
V 250 30979.76 109756.30
V 251 30979.64 109756.42
V 252 30979.54 109756.51
V 253 30959.26 109773.82
V 254 30954.33 109786.03
V 255 30942.19 109824.42
V 256 30942.12 109824.61
V 257 30942.05 109824.77
V 258 30941.97 109824.93
V 259 30941.79 109825.23
V 260 30941.56 109825.50
V 261 30941.44 109825.62
V 262 30941.34 109825.71
V 263 30922.48 109841.83
V 264 30912.88 109865.50
V 265 30905.48 109888.94
V 266 30904.90 109889.96
V 267 30903.96 109890.65
V 268 30902.81 109890.90
V 269 30832.12 109890.90
V 270 30832.12 109885.30
V 271 30900.76 109885.30
V 272 30907.56 109863.76
V 273 30907.57 109863.73
V 274 30907.63 109863.57
V 275 30907.66 109863.51
V 276 30917.53 109839.16
V 277 30917.55 109839.10
V 278 30917.62 109838.94
V 279 30917.70 109838.78
V 280 30917.88 109838.48
V 281 30918.11 109838.21
V 282 30918.23 109838.09
V 283 30918.33 109838.00
V 284 30937.09 109821.97
V 285 30949.04 109784.18
V 286 30949.11 109783.97
V 287 30954.32 109771.09
V 288 30954.34 109771.06
V 289 30954.39 109770.95
V 290 30954.47 109770.79
V 291 30954.65 109770.49
V 292 30954.88 109770.22
V 293 30955.00 109770.10
V 294 30955.10 109770.01
V 295 30975.29 109752.77
V 296 30990.50 109704.61
V 297 30990.57 109704.40
V 298 30991.10 109703.09
V 299 30991.24 109702.79
V 300 30991.42 109702.50
V 301 30991.64 109702.24
V 302 30991.90 109701.99
V 303 31013.48 109683.57
V 304 31029.08 109634.21
V 305 31029.14 109634.05
V 306 31029.21 109633.89
V 307 31029.29 109633.73
V 308 31029.47 109633.43
V 309 31029.70 109633.16
V 310 31029.82 109633.04
V 311 31029.92 109632.95
V 312 31051.68 109614.36
V 313 31067.27 109565.00
V 314 31067.33 109564.84
V 315 31067.40 109564.68
V 316 31067.48 109564.52
V 317 31067.66 109564.22
V 318 31067.89 109563.95
V 319 31068.01 109563.83
V 320 31068.11 109563.74
V 321 31089.87 109545.16
V 322 31105.47 109495.80
V 323 31105.53 109495.64
V 324 31105.60 109495.48
V 325 31105.68 109495.32
V 326 31105.86 109495.02
V 327 31106.09 109494.75
V 328 31106.21 109494.63
V 329 31106.31 109494.54
V 330 31128.07 109475.96
V 331 31143.66 109426.60
V 332 31143.72 109426.44
V 333 31143.79 109426.28
V 334 31143.87 109426.12
V 335 31144.05 109425.82
V 336 31144.28 109425.55
V 337 31144.40 109425.43
V 338 31144.50 109425.34
V 339 31166.27 109406.75
V 340 31181.86 109357.38
V 341 31181.92 109357.22
V 342 31181.99 109357.06
V 343 31182.07 109356.90
V 344 31182.25 109356.60
V 345 31182.48 109356.33
V 346 31182.60 109356.21
V 347 31182.70 109356.12
V 348 31204.45 109337.55
V 349 31220.04 109288.20
V 350 31220.10 109288.04
V 351 31220.17 109287.88
V 352 31220.25 109287.72
V 353 31220.43 109287.42
V 354 31220.66 109287.15
V 355 31220.78 109287.03
V 356 31220.88 109286.94
V 357 31242.65 109268.35
V 358 31258.25 109218.99
V 359 31258.31 109218.83
V 360 31258.38 109218.67
V 361 31258.46 109218.51
V 362 31258.64 109218.21
V 363 31258.87 109217.94
V 364 31258.99 109217.82
V 365 31259.09 109217.73
V 366 31280.85 109199.14
V 367 31296.44 109149.79
V 368 31296.50 109149.63
V 369 31296.57 109149.47
V 370 31296.65 109149.31
V 371 31296.83 109149.01
V 372 31297.06 109148.74
V 373 31297.18 109148.62
V 374 31297.28 109148.53
V 375 31319.05 109129.94
V 376 31334.64 109080.57
V 377 31334.70 109080.41
V 378 31334.77 109080.25
V 379 31334.85 109080.09
V 380 31335.03 109079.79
V 381 31335.26 109079.52
V 382 31335.38 109079.40
V 383 31335.48 109079.31
V 384 31357.24 109060.73
V 385 31372.83 109011.38
V 386 31372.89 109011.22
V 387 31372.96 109011.06
V 388 31373.04 109010.90
V 389 31373.22 109010.60
V 390 31373.45 109010.33
V 391 31373.57 109010.21
V 392 31373.67 109010.12
V 393 31395.43 108991.53
V 394 31411.03 108942.17
V 395 31411.09 108942.01
V 396 31411.16 108941.85
V 397 31411.24 108941.69
V 398 31411.42 108941.39
V 399 31411.65 108941.12
V 400 31411.77 108941.00
V 401 31411.87 108940.91
V 402 31433.63 108922.33
V 403 31449.22 108872.97
V 404 31449.28 108872.81
V 405 31449.35 108872.65
V 406 31449.43 108872.49
V 407 31449.61 108872.19
V 408 31449.84 108871.92
V 409 31449.96 108871.80
V 410 31450.06 108871.71
V 411 31471.82 108853.12
V 412 31487.41 108803.77
V 413 31487.47 108803.61
V 414 31487.54 108803.45
V 415 31487.62 108803.29
V 416 31487.80 108802.99
V 417 31488.03 108802.72
V 418 31488.15 108802.60
V 419 31488.25 108802.51
V 420 31510.03 108783.92
V 421 31525.64 108734.49
V 422 31525.70 108734.33
V 423 31525.77 108734.17
V 424 31525.85 108734.01
V 425 31526.03 108733.71
V 426 31526.26 108733.44
V 427 31526.38 108733.32
V 428 31526.48 108733.23
V 429 31548.12 108714.74
V 430 31563.45 108666.29
V 431 31563.51 108666.13
V 432 31563.58 108665.97
V 433 31563.66 108665.81
V 434 31563.84 108665.51
V 435 31564.07 108665.24
V 436 31564.19 108665.12
V 437 31564.46 108664.89
V 438 31564.48 108664.88
V 439 31587.59 108645.23
V 440 31600.94 108602.29
V 441 31600.98 108602.14
V 442 31601.04 108601.98
V 443 31601.11 108601.82
V 444 31601.19 108601.66
V 445 31601.37 108601.36
V 446 31601.60 108601.09
V 447 31601.72 108600.97
V 448 31602.00 108600.73
V 449 31611.66 108592.76
V 450 31623.06 108560.49
V 451 31623.10 108560.39
V 452 31623.17 108560.23
V 453 31623.25 108560.07
V 454 31623.43 108559.77
V 455 31623.66 108559.50
V 456 31623.78 108559.38
V 457 31624.00 108559.19
V 458 31624.05 108559.15
V 459 31624.07 108559.14
V 460 31630.12 108554.49
V 461 31642.88 108523.62
V 462 31642.90 108523.60
V 463 31642.94 108523.50
V 464 31643.02 108523.34
V 465 31643.20 108523.04
V 466 31643.43 108522.77
V 467 31643.55 108522.65
V 468 31643.82 108522.42
V 469 31643.94 108522.35
V 470 31649.89 108518.07
V 471 31664.24 108488.07
V 472 31664.26 108488.04
V 473 31664.32 108487.93
V 474 31664.50 108487.63
V 475 31664.73 108487.36
V 476 31664.85 108487.24
V 477 31665.12 108487.01
V 478 31665.26 108486.92
V 479 31671.71 108482.58
V 480 31687.13 108454.42
V 481 31687.32 108454.11
V 482 31687.55 108453.84
V 483 31687.67 108453.72
V 484 31687.94 108453.49
V 485 31688.10 108453.39
V 486 31697.28 108447.63
V 487 31744.82 108370.21
V 488 31744.85 108370.19
V 489 31744.94 108370.03
V 490 31745.17 108369.76
V 491 31745.29 108369.64
V 492 31745.56 108369.41
V 493 31745.86 108369.23
V 494 31777.72 108352.96
V 495 31799.95 108327.98
V 496 31800.07 108327.86
V 497 31800.34 108327.63
V 498 31800.64 108327.45
V 499 31800.79 108327.37
V 500 31810.19 108322.93
V 501 31834.20 108298.91
V 502 31834.47 108298.68
V 503 31834.77 108298.50
V 504 31834.93 108298.42
V 505 31834.96 108298.41
V 506 31835.00 108298.38
V 507 31845.54 108293.80
V 508 31871.79 108270.47
V 509 31871.82 108270.44
V 510 31872.09 108270.21
V 511 31872.39 108270.03
V 512 31872.55 108269.95
V 513 31872.71 108269.88
V 514 31884.72 108265.10
V 515 31917.98 108238.97
V 516 31918.10 108238.87
V 517 31918.40 108238.69
V 518 31918.56 108238.61
V 519 31918.72 108238.54
V 520 31918.78 108238.51
V 521 31968.32 108220.14
V 522 32027.34 108183.67
V 523 32027.57 108183.54
V 524 32027.81 108183.43
V 525 32028.06 108183.35
V 526 32032.91 108181.99
V 527 32075.18 108160.63
V 528 32075.21 108160.62
V 529 32075.25 108160.60
V 530 32075.41 108160.53
V 531 32075.57 108160.47
V 532 32075.74 108160.42
V 533 32075.92 108160.38
V 534 32075.95 108160.38
V 535 32098.82 108154.96
V 536 32156.74 108131.01
V 537 32156.81 108130.99
V 538 32156.94 108130.94
V 539 32157.11 108130.89
V 540 32273.25 108105.01
V 541 32284.84 108102.02
V 542 32285.02 108101.98
V 543 32285.19 108101.95
V 544 32290.48 108101.28
V 545 32370.06 108086.40
V 546 32370.23 108086.37
V 547 32370.40 108086.36
V 548 32583.19 108072.36
V 549 32836.83 108056.08
V 550 32837.19 108056.06
V 551 37802.56 108056.06
V 552 37802.56 108061.66
