V 0 75249.94 6188.47
V 1 75249.94 5352.66
V 2 75223.17 5253.61
V 3 75053.48 4755.06
V 4 74883.55 4332.18
V 5 74713.14 3960.47
V 6 74542.86 3627.89
V 7 74370.59 3322.46
V 8 74196.46 3039.34
V 9 74196.39 3039.22
V 10 74024.55 2780.99
V 11 74024.52 2780.95
V 12 74024.50 2780.91
V 13 73851.64 2539.41
V 14 73851.61 2539.38
V 15 73851.57 2539.31
V 16 73673.96 2307.73
V 17 73673.94 2307.71
V 18 73673.89 2307.66
V 19 73673.83 2307.58
V 20 73499.36 2094.31
V 21 73326.14 1895.37
V 22 73139.17 1693.11
V 23 72964.44 1514.72
V 24 72964.41 1514.68
V 25 72786.85 1343.34
V 26 72786.78 1343.28
V 27 72606.35 1178.69
V 28 72418.07 1016.05
V 29 72241.14 871.25
V 30 72241.09 871.20
V 31 72241.06 871.17
V 32 72057.67 729.01
V 33 72057.64 728.99
V 34 72057.62 728.97
V 35 71881.48 599.60
V 36 71881.46 599.59
V 37 71881.42 599.55
V 38 71690.53 466.66
V 39 71690.52 466.65
V 40 71690.48 466.62
V 41 71489.36 334.11
V 42 71271.37 198.24
V 43 71048.92 72.20
V 44 70859.27 -31.64
V 45 70672.50 -128.07
V 46 70474.63 -224.25
V 47 70278.72 -313.74
V 48 70090.78 -394.21
V 49 70090.77 -394.21
V 50 69871.13 -483.03
V 51 69654.85 -562.66
V 52 69374.17 -658.53
V 53 69138.56 -726.83
V 54 68828.69 -809.95
V 55 68617.28 -859.56
V 56 68179.20 -945.61
V 57 67977.44 -977.42
V 58 67690.20 -1015.82
V 59 67690.17 -1015.83
V 60 58801.02 -2076.83
V 61 58799.76 -2077.30
V 62 58798.87 -2078.31
V 63 58798.55 -2079.61
V 64 58798.55 -2106.36
V 65 58804.15 -2106.36
V 66 58804.15 -2082.10
V 67 67690.88 -1021.38
V 68 67690.94 -1021.38
V 69 67978.28 -982.96
V 70 68180.08 -951.15
V 71 68618.56 -865.02
V 72 68829.97 -815.41
V 73 68830.03 -815.39
V 74 68830.11 -815.37
V 75 69140.12 -732.21
V 76 69375.83 -663.89
V 77 69375.96 -663.85
V 78 69656.78 -567.91
V 79 69873.21 -488.24
V 80 70092.87 -399.41
V 81 70092.92 -399.38
V 82 70280.98 -318.86
V 83 70281.03 -318.83
V 84 70476.95 -229.35
V 85 70675.03 -133.06
V 86 70861.95 -36.56
V 87 71051.64 67.30
V 88 71051.69 67.31
V 89 71274.17 193.38
V 90 71274.27 193.44
V 91 71492.32 329.35
V 92 71492.38 329.39
V 93 71492.45 329.43
V 94 71492.49 329.46
V 95 71693.73 462.05
V 96 71693.78 462.08
V 97 71693.81 462.11
V 98 71884.71 595.02
V 99 71884.75 595.04
V 100 71884.78 595.07
V 101 72060.92 724.44
V 102 72060.94 724.45
V 103 72061.02 724.52
V 104 72244.42 866.69
V 105 72244.45 866.71
V 106 72244.53 866.78
V 107 72244.57 866.81
V 108 72421.53 1011.64
V 109 72421.71 1011.79
V 110 72610.07 1174.50
V 111 72610.13 1174.55
V 112 72790.56 1339.14
V 113 72790.57 1339.16
V 114 72790.59 1339.17
V 115 72790.71 1339.29
V 116 72790.74 1339.33
V 117 72968.30 1510.67
V 118 72968.39 1510.76
V 119 72968.53 1510.89
V 120 73143.30 1689.31
V 121 73330.27 1891.57
V 122 73330.32 1891.63
V 123 73503.69 2090.75
V 124 73503.73 2090.80
V 125 73503.80 2090.88
V 126 73678.28 2304.17
V 127 73678.38 2304.29
V 128 73678.42 2304.36
V 129 73856.03 2535.92
V 130 73856.03 2535.94
V 131 73856.14 2536.08
V 132 73856.17 2536.12
V 133 74029.03 2777.62
V 134 74029.06 2777.65
V 135 74029.12 2777.75
V 136 74200.97 3036.00
V 137 74201.00 3036.04
V 138 74375.41 3319.61
V 139 74375.47 3319.70
V 140 74547.74 3625.13
V 141 74547.78 3625.23
V 142 74718.17 3958.02
V 143 74718.24 3958.13
V 144 74888.64 4329.85
V 145 74888.70 4329.97
V 146 75058.70 4753.02
V 147 75058.75 4753.16
V 148 75228.49 5251.87
V 149 75228.50 5251.90
V 150 75228.55 5252.07
V 151 75255.42 5351.52
V 152 75255.45 5351.60
V 153 75255.49 5351.78
V 154 75255.52 5351.95
V 155 75255.53 5352.30
V 156 75255.53 6188.47
