V 0 886.50 671.19
V 1 831.98 653.48
V 2 831.89 653.41
V 3 831.86 653.41
V 4 831.84 653.39
V 5 831.75 653.36
V 6 831.72 653.34
V 7 831.66 653.32
V 8 831.64 653.29
V 9 831.61 653.29
V 10 831.58 653.27
V 11 831.52 653.25
V 12 831.50 653.23
V 13 831.47 653.22
V 14 831.44 653.20
V 15 831.41 653.19
V 16 831.38 653.16
V 17 831.36 653.16
V 18 831.30 653.12
V 19 831.28 653.11
V 20 831.25 653.09
V 21 831.22 653.08
V 22 831.20 653.05
V 23 831.17 653.04
V 24 831.14 653.03
V 25 831.12 653.01
V 26 831.06 652.97
V 27 831.04 652.96
V 28 830.98 652.91
V 29 830.96 652.90
V 30 830.93 652.89
V 31 830.91 652.87
V 32 830.88 652.85
V 33 830.86 652.83
V 34 830.83 652.80
V 35 830.81 652.79
V 36 830.78 652.77
V 37 830.76 652.75
V 38 830.73 652.73
V 39 830.71 652.71
V 40 830.68 652.70
V 41 830.66 652.67
V 42 830.63 652.66
V 43 830.61 652.64
V 44 830.59 652.61
V 45 830.56 652.59
V 46 830.54 652.57
V 47 830.51 652.54
V 48 830.47 652.51
V 49 830.44 652.49
V 50 830.20 652.25
V 51 830.18 652.22
V 52 830.16 652.20
V 53 830.13 652.17
V 54 830.11 652.15
V 55 830.07 652.11
V 56 830.05 652.08
V 57 830.01 652.04
V 58 829.99 652.01
V 59 829.97 651.99
V 60 829.95 651.96
V 61 829.93 651.94
V 62 829.91 651.91
V 63 829.89 651.89
V 64 829.87 651.86
V 65 829.85 651.84
V 66 829.83 651.80
V 67 829.81 651.79
V 68 829.80 651.76
V 69 829.78 651.74
V 70 829.76 651.71
V 71 829.74 651.69
V 72 829.72 651.66
V 73 829.71 651.64
V 74 829.67 651.58
V 75 829.65 651.55
V 76 829.64 651.53
V 77 829.62 651.50
V 78 829.60 651.48
V 79 829.58 651.45
V 80 829.57 651.41
V 81 829.55 651.40
V 82 829.54 651.37
V 83 829.52 651.34
V 84 829.50 651.32
V 85 829.49 651.29
V 86 829.47 651.26
V 87 829.46 651.23
V 88 829.44 651.21
V 89 829.43 651.17
V 90 829.41 651.15
V 91 829.40 651.12
V 92 829.38 651.10
V 93 829.37 651.07
V 94 829.35 651.04
V 95 829.33 650.98
V 96 829.31 650.96
V 97 829.29 650.90
V 98 829.27 650.87
V 99 829.24 650.78
V 100 829.22 650.75
V 101 829.21 650.73
V 102 829.18 650.64
V 103 829.16 650.61
V 104 829.02 650.19
V 105 829.02 650.16
V 106 828.98 650.04
V 107 828.98 650.01
V 108 828.95 649.91
V 109 828.95 649.89
V 110 828.94 649.86
V 111 828.93 649.82
V 112 828.93 649.79
V 113 828.92 649.76
V 114 828.92 649.73
V 115 828.90 649.66
V 116 828.88 649.54
V 117 828.87 649.46
V 118 828.88 649.48
V 119 828.87 649.45
V 120 828.87 649.41
V 121 828.86 649.39
V 122 828.86 649.33
V 123 828.85 649.29
V 124 828.85 649.25
V 125 828.84 649.16
V 126 828.83 649.01
V 127 823.91 605.86
V 128 785.98 550.29
V 129 794.24 544.66
V 130 832.63 600.92
V 131 832.65 600.95
V 132 832.67 600.98
V 133 832.69 601.00
V 134 832.71 601.03
V 135 832.73 601.04
V 136 832.75 601.08
V 137 832.76 601.10
V 138 832.78 601.13
V 139 832.80 601.15
V 140 832.84 601.21
V 141 832.86 601.23
V 142 832.87 601.26
V 143 832.89 601.28
V 144 832.93 601.34
V 145 832.94 601.36
V 146 832.98 601.41
V 147 832.99 601.44
V 148 833.03 601.50
V 149 833.04 601.52
V 150 833.06 601.54
V 151 833.07 601.58
V 152 833.09 601.60
V 153 833.11 601.63
V 154 833.12 601.66
V 155 833.14 601.69
V 156 833.15 601.71
V 157 833.17 601.74
V 158 833.19 601.79
V 159 833.21 601.83
V 160 833.22 601.85
V 161 833.24 601.88
V 162 833.26 601.94
V 163 833.28 601.97
V 164 833.29 602.00
V 165 833.30 602.02
V 166 833.32 602.04
V 167 833.36 602.16
V 168 833.38 602.20
V 169 833.43 602.35
V 170 833.44 602.37
V 171 833.57 602.76
V 172 833.57 602.79
V 173 833.58 602.83
V 174 833.61 602.91
V 175 833.61 602.95
V 176 833.63 603.01
V 177 833.63 603.04
V 178 833.65 603.10
V 179 833.65 603.13
V 180 833.66 603.16
V 181 833.66 603.19
V 182 833.67 603.22
V 183 833.67 603.26
V 184 833.68 603.29
V 185 833.68 603.32
V 186 833.69 603.35
V 187 833.69 603.38
V 188 833.70 603.41
V 189 833.70 603.47
V 190 833.71 603.51
V 191 833.71 603.57
V 192 833.72 603.60
V 193 833.72 603.66
V 194 833.73 603.69
V 195 833.73 603.76
V 196 838.44 645.04
V 197 889.60 661.67
E1 0 197
E2 128 129
