V 0 1176.41 619.21
V 1 1176.41 617.41
V 2 1173.71 617.41
V 3 1173.71 616.41
V 4 1161.81 616.41
V 5 1161.81 617.89
V 6 1160.31 617.89
V 7 1160.31 625.00
V 8 1161.31 625.00
V 9 1161.31 633.86
V 10 1160.31 633.86
V 11 1160.31 645.44
V 12 1161.31 645.44
V 13 1161.31 648.14
V 14 1163.10 648.14
V 15 1163.10 651.11
V 16 1160.10 651.11
V 17 1160.10 649.34
V 18 1150.51 649.34
V 19 1150.51 651.11
V 20 1147.51 651.11
V 21 1147.51 648.14
V 22 1149.31 648.14
V 23 1149.31 645.44
V 24 1150.31 645.44
V 25 1150.31 633.86
V 26 1149.31 633.86
V 27 1149.31 625.00
V 28 1150.31 625.00
V 29 1150.31 611.21
V 30 1150.32 611.16
V 31 1150.32 611.04
V 32 1150.33 611.02
V 33 1150.33 610.91
V 34 1150.33 610.89
V 35 1150.33 610.83
V 36 1150.34 610.79
V 37 1150.34 610.77
V 38 1150.35 610.74
V 39 1150.35 610.66
V 40 1150.36 610.64
V 41 1150.36 610.61
V 42 1150.38 610.58
V 43 1150.38 610.54
V 44 1150.40 610.49
V 45 1150.40 610.46
V 46 1150.41 610.42
V 47 1150.41 610.40
V 48 1150.42 610.36
V 49 1150.43 610.33
V 50 1150.43 610.29
V 51 1150.46 610.21
V 52 1150.46 610.17
V 53 1150.50 610.05
V 54 1150.50 610.03
V 55 1150.64 609.61
V 56 1150.66 609.58
V 57 1150.69 609.49
V 58 1150.70 609.47
V 59 1150.72 609.44
V 60 1150.75 609.35
V 61 1150.77 609.32
V 62 1150.79 609.26
V 63 1150.81 609.24
V 64 1150.83 609.17
V 65 1150.84 609.15
V 66 1150.85 609.12
V 67 1150.88 609.10
V 68 1150.89 609.07
V 69 1150.91 609.04
V 70 1150.92 609.01
V 71 1150.94 608.99
V 72 1150.95 608.96
V 73 1150.97 608.92
V 74 1150.98 608.90
V 75 1151.00 608.88
V 76 1151.02 608.85
V 77 1151.03 608.82
V 78 1151.05 608.79
V 79 1151.06 608.77
V 80 1151.08 608.74
V 81 1151.09 608.72
V 82 1151.11 608.69
V 83 1151.13 608.66
V 84 1151.15 608.64
V 85 1151.19 608.58
V 86 1151.20 608.55
V 87 1151.22 608.53
V 88 1151.24 608.51
V 89 1151.26 608.48
V 90 1151.28 608.46
V 91 1151.29 608.42
V 92 1151.31 608.41
V 93 1151.33 608.38
V 94 1151.34 608.36
V 95 1151.36 608.33
V 96 1151.39 608.30
V 97 1151.41 608.28
V 98 1151.43 608.26
V 99 1151.45 608.23
V 100 1151.47 608.21
V 101 1151.49 608.17
V 102 1151.53 608.14
V 103 1151.55 608.11
V 104 1151.58 608.07
V 105 1151.60 608.04
V 106 1151.64 608.02
V 107 1151.66 608.00
V 108 1151.68 607.97
V 109 1151.92 607.73
V 110 1151.95 607.71
V 111 1151.99 607.66
V 112 1152.02 607.65
V 113 1152.04 607.63
V 114 1152.07 607.61
V 115 1152.08 607.58
V 116 1152.10 607.55
V 117 1152.14 607.54
V 118 1152.16 607.52
V 119 1152.19 607.51
V 120 1152.21 607.49
V 121 1152.24 607.47
V 122 1152.26 607.45
V 123 1152.29 607.42
V 124 1152.31 607.41
V 125 1152.33 607.39
V 126 1152.35 607.37
V 127 1152.39 607.35
V 128 1152.41 607.33
V 129 1152.44 607.32
V 130 1152.46 607.29
V 131 1152.52 607.26
V 132 1152.54 607.25
V 133 1152.59 607.21
V 134 1152.61 607.19
V 135 1152.65 607.17
V 136 1152.68 607.16
V 137 1152.70 607.14
V 138 1152.73 607.13
V 139 1152.76 607.11
V 140 1152.78 607.10
V 141 1152.83 607.05
V 142 1152.85 607.04
V 143 1152.89 607.03
V 144 1152.92 607.02
V 145 1152.95 607.00
V 146 1152.98 606.99
V 147 1153.00 606.97
V 148 1153.06 606.95
V 149 1153.08 606.92
V 150 1153.11 606.91
V 151 1153.14 606.90
V 152 1153.20 606.88
V 153 1153.23 606.86
V 154 1153.32 606.83
V 155 1153.33 606.80
V 156 1153.43 606.78
V 157 1153.46 606.76
V 158 1153.97 606.59
V 159 1154.00 606.59
V 160 1154.11 606.54
V 161 1154.15 606.54
V 162 1154.21 606.53
V 163 1154.24 606.53
V 164 1154.30 606.51
V 165 1154.33 606.51
V 166 1154.35 606.50
V 167 1154.40 606.49
V 168 1154.43 606.49
V 169 1154.46 606.48
V 170 1154.49 606.48
V 171 1154.52 606.47
V 172 1154.55 606.47
V 173 1154.58 606.46
V 174 1154.60 606.46
V 175 1154.64 606.45
V 176 1154.71 606.45
V 177 1154.74 606.44
V 178 1154.80 606.44
V 179 1154.83 606.42
V 180 1154.89 606.42
V 181 1154.93 606.41
V 182 1155.08 606.41
V 183 1155.10 606.41
V 184 1173.71 606.41
V 185 1173.71 605.41
V 186 1176.41 605.41
V 187 1176.41 603.61
V 188 1179.38 603.61
V 189 1179.38 606.61
V 190 1177.60 606.61
V 191 1177.60 616.21
V 192 1179.38 616.21
V 193 1179.38 619.21
E1 17 18
E2 190 191
