V 0 13909.43 -1766.21
V 1 13908.54 -1765.20
V 2 13907.28 -1764.73
V 3 7915.12 -1049.51
V 4 7915.10 -1049.50
V 5 7600.32 -1008.03
V 6 7259.07 -954.90
V 7 7043.95 -910.57
V 8 6861.86 -868.56
V 9 6646.96 -813.64
V 10 6440.49 -755.77
V 11 6234.77 -692.83
V 12 6038.71 -627.75
V 13 5810.57 -545.96
V 14 5589.99 -460.91
V 15 5414.86 -388.58
V 16 5226.52 -305.50
V 17 5024.96 -210.77
V 18 4836.34 -116.56
V 19 4643.00 -14.04
V 20 4453.66 92.38
V 21 4264.56 204.87
V 22 4074.05 324.70
V 23 4074.03 324.70
V 24 4073.89 324.80
V 25 3895.73 443.10
V 26 3895.69 443.13
V 27 3895.61 443.18
V 28 3705.25 576.65
V 29 3705.19 576.70
V 30 3705.15 576.72
V 31 3513.67 718.55
V 32 3513.62 718.59
V 33 3513.59 718.61
V 34 3330.01 862.00
V 35 3329.92 862.08
V 36 3149.68 1010.73
V 37 2973.33 1164.23
V 38 2783.11 1339.24
V 39 2605.23 1512.25
V 40 2429.33 1693.32
V 41 2429.23 1693.42
V 42 2248.91 1890.17
V 43 2248.88 1890.21
V 44 2069.05 2098.61
V 45 1894.40 2314.06
V 46 1894.38 2314.08
V 47 1894.31 2314.17
V 48 1715.96 2549.03
V 49 1715.92 2549.09
V 50 1715.85 2549.17
V 51 1542.03 2794.56
V 52 1542.01 2794.60
V 53 1369.42 3056.92
V 54 1369.35 3057.03
V 55 1194.74 3344.38
V 56 1022.39 3654.03
V 57 850.89 3994.11
V 58 679.21 4375.32
V 59 509.25 4807.67
V 60 338.59 5323.57
V 61 163.66 5999.17
V 62 49.32 6725.52
V 63 49.32 7322.52
V 64 43.72 7322.52
V 65 43.72 6725.27
V 66 43.74 6724.92
V 67 43.75 6724.88
V 68 43.75 6724.83
V 69 158.13 5998.22
V 70 158.19 5997.96
V 71 333.20 5322.04
V 72 333.25 5321.86
V 73 503.96 4805.83
V 74 504.01 4805.68
V 75 673.99 4373.28
V 76 674.05 4373.14
V 77 845.89 3991.60
V 78 1017.49 3651.31
V 79 1189.83 3341.66
V 80 1189.90 3341.57
V 81 1190.02 3341.37
V 82 1364.69 3053.93
V 83 1364.74 3053.84
V 84 1364.79 3053.77
V 85 1364.81 3053.73
V 86 1537.42 2791.38
V 87 1537.47 2791.30
V 88 1537.54 2791.22
V 89 1711.32 2545.89
V 90 1711.38 2545.79
V 91 1711.47 2545.67
V 92 1889.82 2310.82
V 93 1889.86 2310.76
V 94 1889.93 2310.67
V 95 1889.95 2310.65
V 96 2064.61 2095.19
V 97 2064.63 2095.17
V 98 2064.69 2095.08
V 99 2244.64 1886.55
V 100 2244.66 1886.53
V 101 2244.71 1886.46
V 102 2244.81 1886.37
V 103 2425.13 1689.62
V 104 2425.23 1689.49
V 105 2601.21 1508.35
V 106 2601.35 1508.22
V 107 2779.31 1335.12
V 108 2969.53 1160.10
V 109 2969.59 1160.06
V 110 3146.01 1006.50
V 111 3146.21 1006.33
V 112 3326.50 857.64
V 113 3326.63 857.53
V 114 3326.66 857.51
V 115 3510.24 714.12
V 116 3510.32 714.05
V 117 3510.36 714.03
V 118 3701.84 572.20
V 119 3701.89 572.16
V 120 3701.97 572.11
V 121 3892.33 438.64
V 122 3892.39 438.59
V 123 3892.49 438.53
V 124 4070.71 320.19
V 125 4070.75 320.16
V 126 4070.85 320.10
V 127 4070.91 320.06
V 128 4261.47 200.19
V 129 4261.50 200.18
V 130 4261.70 200.05
V 131 4450.80 87.56
V 132 4450.85 87.53
V 133 4640.26 -18.92
V 134 4640.32 -18.95
V 135 4833.68 -121.48
V 136 5022.58 -215.83
V 137 5224.20 -310.58
V 138 5224.26 -310.62
V 139 5412.66 -393.73
V 140 5412.72 -393.76
V 141 5587.85 -466.09
V 142 5587.91 -466.11
V 143 5808.62 -551.21
V 144 5808.69 -551.24
V 145 6036.83 -633.03
V 146 6233.13 -698.19
V 147 6438.91 -761.15
V 148 6438.97 -761.17
V 149 6645.44 -819.04
V 150 6645.49 -819.05
V 151 6860.46 -873.98
V 152 6860.56 -874.01
V 153 7042.69 -916.03
V 154 7042.75 -916.04
V 155 7258.07 -960.41
V 156 7258.21 -960.44
V 157 7599.58 -1013.59
V 158 7914.36 -1055.06
V 159 7914.42 -1055.06
V 160 13904.15 -1770.00
V 161 13904.15 -2106.31
V 162 13909.75 -2106.31
V 163 13909.75 -1767.51
