V 0 32813.29 107544.66
V 1 32550.36 107561.54
V 2 32550.18 107561.55
V 3 32306.18 107577.60
V 4 32211.00 107595.39
V 5 32210.78 107595.43
V 6 32188.30 107598.30
V 7 32153.74 107607.21
V 8 32016.66 107637.76
V 9 32016.58 107637.78
V 10 32004.41 107640.11
V 11 31941.38 107666.16
V 12 31941.31 107666.18
V 13 31941.18 107666.23
V 14 31941.01 107666.28
V 15 31940.83 107666.32
V 16 31940.80 107666.32
V 17 31898.66 107676.30
V 18 31846.84 107702.50
V 19 31846.79 107702.52
V 20 31846.77 107702.53
V 21 31846.61 107702.60
V 22 31846.45 107702.66
V 23 31846.38 107702.68
V 24 31846.33 107702.70
V 25 31820.02 107710.07
V 26 31742.99 107757.67
V 27 31742.91 107757.71
V 28 31742.80 107757.78
V 29 31742.78 107757.79
V 30 31742.68 107757.85
V 31 31742.52 107757.93
V 32 31742.36 107758.00
V 33 31742.30 107758.03
V 34 31665.15 107786.64
V 35 31627.16 107816.50
V 36 31627.04 107816.60
V 37 31626.74 107816.78
V 38 31626.58 107816.86
V 39 31626.42 107816.93
V 40 31599.58 107827.59
V 41 31567.01 107856.54
V 42 31566.98 107856.57
V 43 31566.71 107856.80
V 44 31566.41 107856.98
V 45 31566.25 107857.06
V 46 31566.22 107857.07
V 47 31566.18 107857.10
V 48 31541.25 107867.93
V 49 31511.34 107897.85
V 50 31511.07 107898.08
V 51 31510.77 107898.26
V 52 31510.64 107898.32
V 53 31510.62 107898.34
V 54 31487.19 107909.41
V 55 31459.57 107940.47
V 56 31459.45 107940.59
V 57 31459.18 107940.82
V 58 31458.88 107941.00
V 59 31451.59 107944.72
V 60 31358.52 108023.55
V 61 31358.45 108023.60
V 62 31358.36 108023.68
V 63 31358.30 108023.71
V 64 31355.83 108025.51
V 65 31324.11 108077.16
V 66 31324.08 108077.19
V 67 31323.99 108077.34
V 68 31323.76 108077.61
V 69 31323.64 108077.73
V 70 31323.37 108077.96
V 71 31323.21 108078.06
V 72 31302.47 108091.08
V 73 31282.85 108126.92
V 74 31282.66 108127.23
V 75 31282.43 108127.50
V 76 31282.31 108127.62
V 77 31282.04 108127.85
V 78 31281.90 108127.94
V 79 31263.03 108140.63
V 80 31244.99 108178.35
V 81 31244.97 108178.38
V 82 31244.91 108178.49
V 83 31244.73 108178.79
V 84 31244.50 108179.06
V 85 31244.38 108179.18
V 86 31244.11 108179.41
V 87 31244.05 108179.45
V 88 31225.89 108192.52
V 89 31209.64 108231.80
V 90 31209.62 108231.82
V 91 31209.58 108231.92
V 92 31209.50 108232.08
V 93 31209.32 108232.38
V 94 31209.09 108232.65
V 95 31208.97 108232.77
V 96 31208.75 108232.96
V 97 31208.70 108233.00
V 98 31208.68 108233.01
V 99 31191.12 108246.54
V 100 31176.55 108287.77
V 101 31176.51 108287.87
V 102 31176.44 108288.03
V 103 31176.36 108288.19
V 104 31176.18 108288.49
V 105 31175.95 108288.76
V 106 31175.83 108288.88
V 107 31175.55 108289.12
V 108 31157.67 108303.89
V 109 31143.17 108350.52
V 110 31143.13 108350.66
V 111 31143.07 108350.82
V 112 31143.00 108350.98
V 113 31142.92 108351.14
V 114 31142.74 108351.44
V 115 31142.51 108351.71
V 116 31142.39 108351.83
V 117 31142.12 108352.06
V 118 31142.10 108352.07
V 119 31120.02 108370.84
V 120 31104.49 108419.94
V 121 31104.42 108420.13
V 122 31104.35 108420.29
V 123 31104.27 108420.45
V 124 31104.09 108420.75
V 125 31103.86 108421.02
V 126 31103.74 108421.14
V 127 31103.64 108421.23
V 128 31081.92 108439.79
V 129 31066.33 108489.14
V 130 31066.26 108489.33
V 131 31066.19 108489.49
V 132 31066.11 108489.65
V 133 31065.93 108489.95
V 134 31065.70 108490.22
V 135 31065.58 108490.34
V 136 31065.48 108490.43
V 137 31043.72 108509.01
V 138 31028.13 108558.34
V 139 31028.06 108558.53
V 140 31027.99 108558.69
V 141 31027.91 108558.85
V 142 31027.73 108559.15
V 143 31027.50 108559.42
V 144 31027.38 108559.54
V 145 31027.28 108559.63
V 146 31005.52 108578.21
V 147 30989.94 108627.54
V 148 30989.87 108627.73
V 149 30989.80 108627.89
V 150 30989.72 108628.05
V 151 30989.54 108628.35
V 152 30989.31 108628.62
V 153 30989.19 108628.74
V 154 30989.09 108628.83
V 155 30968.46 108646.44
V 156 30964.69 108655.77
V 157 30951.74 108696.75
V 158 30951.67 108696.94
V 159 30951.60 108697.10
V 160 30951.52 108697.26
V 161 30951.34 108697.56
V 162 30951.11 108697.83
V 163 30950.99 108697.95
V 164 30950.89 108698.04
V 165 30931.68 108714.43
V 166 30923.22 108735.34
V 167 30913.55 108765.95
V 168 30913.48 108766.14
V 169 30913.41 108766.30
V 170 30913.33 108766.46
V 171 30913.15 108766.76
V 172 30912.92 108767.03
V 173 30912.80 108767.15
V 174 30912.70 108767.24
V 175 30904.63 108774.13
V 176 30903.78 108774.63
V 177 30902.81 108774.80
V 178 30833.82 108774.80
V 179 30833.82 108769.20
V 180 30901.77 108769.20
V 181 30908.45 108763.50
V 182 30917.93 108733.49
V 183 30918.00 108733.28
V 184 30926.74 108711.70
V 185 30926.76 108711.67
V 186 30926.81 108711.56
V 187 30926.89 108711.40
V 188 30927.07 108711.10
V 189 30927.30 108710.83
V 190 30927.42 108710.71
V 191 30927.52 108710.62
V 192 30946.64 108694.30
V 193 30959.40 108653.92
V 194 30959.47 108653.71
V 195 30963.52 108643.71
V 196 30963.54 108643.68
V 197 30963.59 108643.57
V 198 30963.67 108643.41
V 199 30963.85 108643.11
V 200 30964.08 108642.84
V 201 30964.20 108642.72
V 202 30964.30 108642.63
V 203 30984.84 108625.09
V 204 31000.43 108575.73
V 205 31000.49 108575.57
V 206 31000.56 108575.41
V 207 31000.64 108575.25
V 208 31000.82 108574.95
V 209 31001.05 108574.68
V 210 31001.17 108574.56
V 211 31001.27 108574.47
V 212 31023.03 108555.89
V 213 31038.63 108506.53
V 214 31038.69 108506.37
V 215 31038.76 108506.21
V 216 31038.84 108506.05
V 217 31039.02 108505.75
V 218 31039.25 108505.48
V 219 31039.37 108505.36
V 220 31039.47 108505.27
V 221 31061.23 108486.69
V 222 31076.83 108437.31
V 223 31076.89 108437.15
V 224 31076.96 108436.99
V 225 31077.04 108436.83
V 226 31077.22 108436.53
V 227 31077.45 108436.26
V 228 31077.57 108436.14
V 229 31077.67 108436.05
V 230 31099.39 108417.49
V 231 31114.93 108368.37
V 232 31114.99 108368.21
V 233 31115.06 108368.05
V 234 31115.14 108367.89
V 235 31115.32 108367.59
V 236 31115.55 108367.32
V 237 31115.67 108367.20
V 238 31115.94 108366.97
V 239 31115.96 108366.96
V 240 31138.04 108348.19
V 241 31152.55 108301.53
V 242 31152.59 108301.39
V 243 31152.65 108301.23
V 244 31152.72 108301.07
V 245 31152.80 108300.91
V 246 31152.98 108300.61
V 247 31153.21 108300.34
V 248 31153.33 108300.22
V 249 31153.61 108299.98
V 250 31171.53 108285.18
V 251 31186.12 108243.89
V 252 31186.16 108243.79
V 253 31186.23 108243.63
V 254 31186.31 108243.47
V 255 31186.49 108243.17
V 256 31186.72 108242.90
V 257 31186.84 108242.78
V 258 31187.06 108242.59
V 259 31187.11 108242.55
V 260 31187.13 108242.54
V 261 31204.75 108228.97
V 262 31221.01 108189.64
V 263 31221.03 108189.62
V 264 31221.07 108189.52
V 265 31221.15 108189.36
V 266 31221.33 108189.06
V 267 31221.56 108188.79
V 268 31221.68 108188.67
V 269 31221.95 108188.44
V 270 31222.01 108188.40
V 271 31240.24 108175.29
V 272 31258.29 108137.54
V 273 31258.31 108137.51
V 274 31258.37 108137.40
V 275 31258.55 108137.10
V 276 31258.78 108136.83
V 277 31258.90 108136.71
V 278 31259.17 108136.48
V 279 31259.31 108136.39
V 280 31278.25 108123.65
V 281 31297.90 108087.76
V 282 31298.09 108087.45
V 283 31298.32 108087.18
V 284 31298.44 108087.06
V 285 31298.71 108086.83
V 286 31298.87 108086.73
V 287 31319.66 108073.67
V 288 31351.33 108022.11
V 289 31351.49 108021.88
V 290 31351.66 108021.67
V 291 31351.86 108021.48
V 292 31352.08 108021.31
V 293 31354.95 108019.22
V 294 31448.19 107940.25
V 295 31448.22 107940.23
V 296 31448.35 107940.12
V 297 31448.65 107939.94
V 298 31455.78 107936.30
V 299 31483.44 107905.20
V 300 31483.56 107905.08
V 301 31483.83 107904.85
V 302 31484.13 107904.67
V 303 31484.28 107904.59
V 304 31507.78 107893.49
V 305 31537.73 107863.53
V 306 31538.00 107863.30
V 307 31538.30 107863.12
V 308 31538.46 107863.04
V 309 31538.49 107863.03
V 310 31538.53 107863.00
V 311 31563.55 107852.13
V 312 31596.14 107823.16
V 313 31596.17 107823.13
V 314 31596.44 107822.90
V 315 31596.74 107822.72
V 316 31596.90 107822.64
V 317 31597.06 107822.57
V 318 31623.97 107811.88
V 319 31662.01 107781.99
V 320 31662.13 107781.89
V 321 31662.43 107781.71
V 322 31662.59 107781.63
V 323 31662.75 107781.56
V 324 31662.81 107781.53
V 325 31740.12 107752.86
V 326 31817.24 107705.20
V 327 31817.32 107705.16
V 328 31817.44 107705.08
V 329 31817.55 107705.02
V 330 31817.71 107704.94
V 331 31817.87 107704.87
V 332 31818.03 107704.81
V 333 31818.15 107704.77
V 334 31844.57 107697.37
V 335 31896.41 107671.16
V 336 31896.44 107671.15
V 337 31896.48 107671.13
V 338 31896.64 107671.06
V 339 31896.80 107671.00
V 340 31896.97 107670.95
V 341 31897.15 107670.91
V 342 31897.18 107670.91
V 343 31939.40 107660.91
V 344 32002.53 107634.82
V 345 32002.73 107634.75
V 346 32002.90 107634.70
V 347 32003.04 107634.67
V 348 32003.07 107634.66
V 349 32015.52 107632.28
V 350 32152.34 107601.79
V 351 32187.09 107592.83
V 352 32187.27 107592.79
V 353 32187.44 107592.76
V 354 32210.08 107589.87
V 355 32305.30 107572.07
V 356 32305.47 107572.04
V 357 32305.64 107572.03
V 358 32549.64 107555.98
V 359 32812.91 107539.08
V 360 32813.26 107539.06
V 361 37802.56 107539.06
V 362 37802.56 107544.66
