V 0 -802.07 6032.84
V 1 -802.33 6033.29
V 2 -844.34 6083.81
V 3 -844.37 6083.86
V 4 -844.57 6084.06
V 5 -844.65 6084.11
V 6 -844.73 6084.17
V 7 -988.27 6188.38
V 8 -1003.86 6203.97
V 9 -1136.69 6299.98
V 10 -1156.71 6320.03
V 11 -1285.83 6413.36
V 12 -1350.27 6477.80
V 13 -1385.53 6520.20
V 14 -1385.56 6520.25
V 15 -1385.76 6520.45
V 16 -1385.84 6520.50
V 17 -1385.92 6520.56
V 18 -1385.94 6520.57
V 19 -1413.37 6539.04
V 20 -1428.16 6553.84
V 21 -1428.24 6553.89
V 22 -1428.26 6553.90
V 23 -1428.29 6553.93
V 24 -1460.64 6575.49
V 25 -1480.86 6595.70
V 26 -1480.94 6595.75
V 27 -1480.96 6595.76
V 28 -1480.99 6595.79
V 29 -1510.39 6615.40
V 30 -1530.73 6635.74
V 31 -1530.81 6635.79
V 32 -1530.83 6635.80
V 33 -1530.86 6635.83
V 34 -1560.00 6655.25
V 35 -1580.40 6675.66
V 36 -1580.48 6675.71
V 37 -1580.50 6675.72
V 38 -1580.53 6675.75
V 39 -1610.00 6695.40
V 40 -1630.03 6715.43
V 41 -1630.11 6715.48
V 42 -1630.13 6715.49
V 43 -1630.16 6715.52
V 44 -1659.68 6735.19
V 45 -1679.83 6755.34
V 46 -1679.91 6755.39
V 47 -1679.93 6755.40
V 48 -1679.96 6755.43
V 49 -1709.14 6774.87
V 50 -1729.47 6795.20
V 51 -1729.55 6795.25
V 52 -1729.57 6795.26
V 53 -1729.60 6795.29
V 54 -1758.57 6814.60
V 55 -1779.13 6835.16
V 56 -1779.21 6835.21
V 57 -1779.23 6835.22
V 58 -1779.26 6835.25
V 59 -1809.40 6855.34
V 60 -1902.08 6948.01
V 61 -1998.04 7083.86
V 62 -1998.09 7083.91
V 63 -1998.11 7083.95
V 64 -1998.31 7084.15
V 65 -2106.17 7190.57
V 66 -2121.79 7213.29
V 67 -2121.83 7213.34
V 68 -2121.87 7213.40
V 69 -2122.07 7213.60
V 70 -2155.28 7246.36
V 71 -2170.71 7268.86
V 72 -2170.76 7268.91
V 73 -2170.80 7268.97
V 74 -2171.00 7269.17
V 75 -2203.33 7301.08
V 76 -2203.37 7301.11
V 77 -2291.00 7373.21
V 78 -2291.05 7373.26
V 79 -2369.33 7448.27
V 80 -2451.76 7574.71
V 81 -2451.79 7574.74
V 82 -2451.86 7574.85
V 83 -2452.06 7575.05
V 84 -2452.11 7575.08
V 85 -2602.10 7702.88
V 86 -2672.84 7773.62
V 87 -2744.79 7883.34
V 88 -2744.81 7883.38
V 89 -2744.87 7883.46
V 90 -2744.92 7883.54
V 91 -2745.12 7883.74
V 92 -2745.17 7883.77
V 93 -2895.02 8010.82
V 94 -2968.41 8084.21
V 95 -3096.55 8279.92
V 96 -3096.57 8279.95
V 97 -3096.63 8280.04
V 98 -3096.68 8280.12
V 99 -3136.71 8320.37
V 100 -3182.63 8388.54
V 101 -3182.64 8388.57
V 102 -3182.70 8388.65
V 103 -3182.75 8388.73
V 104 -3182.95 8388.93
V 105 -3183.00 8388.95
V 106 -3333.85 8516.93
V 107 -3410.58 8593.66
V 108 -3535.74 8784.69
V 109 -3535.76 8784.73
V 110 -3535.82 8784.81
V 111 -3535.87 8784.89
V 112 -3575.35 8824.60
V 113 -3664.27 8956.68
V 114 -3664.28 8956.70
V 115 -3664.34 8956.78
V 116 -3664.39 8956.86
V 117 -3711.93 9004.39
V 118 -3771.32 9093.92
V 119 -3771.35 9093.95
V 120 -3771.36 9093.96
V 121 -3771.41 9094.04
V 122 -3771.61 9094.25
V 123 -3852.84 9174.53
V 124 -3867.48 9195.82
V 125 -3867.52 9195.87
V 126 -3867.56 9195.93
V 127 -3867.76 9196.12
V 128 -3900.77 9228.69
V 129 -3916.11 9251.03
V 130 -3916.15 9251.08
V 131 -3916.19 9251.14
V 132 -3916.39 9251.34
V 133 -3949.11 9283.62
V 134 -3964.33 9305.77
V 135 -3964.37 9305.82
V 136 -3964.41 9305.87
V 137 -3964.61 9306.08
V 138 -3997.49 9338.53
V 139 -4012.98 9361.04
V 140 -4013.02 9361.10
V 141 -4013.06 9361.16
V 142 -4013.26 9361.36
V 143 -4045.83 9393.51
V 144 -4061.25 9415.93
V 145 -4061.29 9415.98
V 146 -4061.33 9416.04
V 147 -4061.53 9416.24
V 148 -4094.61 9448.90
V 149 -4110.01 9471.29
V 150 -4110.05 9471.34
V 151 -4110.09 9471.40
V 152 -4110.29 9471.60
V 153 -4143.35 9504.25
V 154 -4158.72 9526.60
V 155 -4158.77 9526.65
V 156 -4158.81 9526.70
V 157 -4159.01 9526.91
V 158 -4191.35 9558.85
V 159 -4206.60 9581.03
V 160 -4206.64 9581.08
V 161 -4206.68 9581.14
V 162 -4206.89 9581.34
V 163 -4240.55 9614.56
V 164 -4299.89 9700.89
V 165 -4309.58 9718.70
V 166 -4309.62 9718.75
V 167 -4309.63 9718.78
V 168 -4309.68 9718.85
V 169 -4309.70 9718.87
V 170 -4309.74 9718.94
V 171 -4309.78 9718.98
V 172 -4445.56 9896.17
V 173 -4495.97 9976.84
V 174 -4506.05 10002.03
V 175 -4506.06 10002.04
V 176 -4506.08 10002.11
V 177 -4506.13 10002.19
V 178 -4506.17 10002.27
V 179 -4506.20 10002.31
V 180 -4506.21 10002.33
V 181 -4514.59 10014.36
V 182 -4545.91 10067.37
V 183 -4545.93 10067.41
V 184 -4561.24 10089.42
V 185 -4593.59 10144.17
V 186 -4593.60 10144.20
V 187 -4608.53 10165.64
V 188 -4641.22 10220.98
V 189 -4641.25 10221.02
V 190 -4656.07 10242.32
V 191 -4688.99 10298.03
V 192 -4689.01 10298.07
V 193 -4704.22 10319.95
V 194 -4735.91 10373.57
V 195 -4735.93 10373.61
V 196 -4750.47 10394.53
V 197 -4783.54 10450.50
V 198 -4783.56 10450.54
V 199 -4798.55 10472.09
V 200 -4816.95 10503.22
V 201 -4816.97 10503.26
V 202 -4817.03 10503.34
V 203 -4817.08 10503.42
V 204 -4817.10 10503.45
V 205 -4853.06 10548.36
V 206 -4870.28 10581.09
V 207 -4870.32 10581.15
V 208 -4870.34 10581.19
V 209 -4870.39 10581.27
V 210 -4870.45 10581.35
V 211 -4870.47 10581.38
V 212 -5004.53 10757.08
V 213 -5076.93 10894.10
V 214 -5114.72 10968.92
V 215 -5114.76 10968.96
V 216 -5114.80 10969.04
V 217 -5114.82 10969.06
V 218 -5145.34 11024.36
V 219 -5159.53 11057.11
V 220 -5159.55 11057.15
V 221 -5159.60 11057.24
V 222 -5159.64 11057.31
V 223 -5174.59 11078.82
V 224 -5177.10 11083.06
V 225 -5177.12 11083.10
V 226 -5177.18 11083.18
V 227 -5177.22 11083.26
V 228 -5177.26 11083.29
V 229 -5285.22 11218.05
V 230 -5302.27 11250.45
V 231 -5302.31 11250.51
V 232 -5302.33 11250.55
V 233 -5302.39 11250.63
V 234 -5302.44 11250.71
V 235 -5302.47 11250.74
V 236 -5437.12 11427.05
V 237 -5551.92 11644.28
V 238 -5572.43 11693.53
V 239 -5572.45 11693.59
V 240 -5572.50 11693.67
V 241 -5572.54 11693.75
V 242 -5572.60 11693.83
V 243 -5572.62 11693.86
V 244 -5572.63 11693.88
V 245 -5572.65 11693.91
V 246 -5572.67 11693.93
V 247 -5576.05 11698.20
V 248 -5651.27 11841.15
V 249 -5683.25 11904.48
V 250 -5701.91 11936.99
V 251 -5701.93 11937.03
V 252 -5701.95 11937.06
V 253 -5701.98 11937.10
V 254 -5751.30 12008.00
V 255 -5782.82 12061.34
V 256 -5782.84 12061.38
V 257 -5797.14 12081.94
V 258 -5813.13 12109.00
V 259 -5813.15 12109.04
V 260 -5813.21 12109.12
V 261 -5813.26 12109.20
V 262 -5824.54 12120.48
V 263 -5882.47 12209.07
V 264 -5947.22 12330.86
V 265 -5947.23 12330.90
V 266 -5947.28 12330.98
V 267 -5947.32 12331.06
V 268 -5987.77 12389.20
V 269 -6019.80 12443.40
V 270 -6019.82 12443.44
V 271 -6034.83 12465.02
V 272 -6067.58 12520.44
V 273 -6067.60 12520.48
V 274 -6082.75 12542.25
V 275 -6115.29 12597.32
V 276 -6115.31 12597.36
V 277 -6130.48 12619.17
V 278 -6163.70 12675.39
V 279 -6163.72 12675.43
V 280 -6178.15 12696.19
V 281 -6211.07 12751.93
V 282 -6211.09 12751.97
V 283 -6223.15 12769.30
V 284 -6344.05 12995.47
V 285 -6373.71 13063.69
V 286 -6384.11 13101.33
V 287 -6384.13 13101.37
V 288 -6384.13 13101.39
V 289 -6384.16 13101.46
V 290 -6384.18 13101.50
V 291 -6384.20 13101.57
V 292 -6384.22 13101.60
V 293 -6422.44 13184.98
V 294 -6429.87 13211.64
V 295 -6429.89 13211.68
V 296 -6429.89 13211.70
V 297 -6429.92 13211.77
V 298 -6429.94 13211.81
V 299 -6429.96 13211.88
V 300 -6429.98 13211.91
V 301 -6468.91 13296.83
V 302 -6476.53 13324.20
V 303 -6476.56 13324.32
V 304 -6476.60 13324.41
V 305 -6476.63 13324.50
V 306 -6476.66 13324.55
V 307 -6516.11 13410.64
V 308 -6523.71 13437.94
V 309 -6523.73 13437.98
V 310 -6523.73 13438.00
V 311 -6523.76 13438.07
V 312 -6523.78 13438.11
V 313 -6523.80 13438.18
V 314 -6523.82 13438.21
V 315 -6563.38 13524.53
V 316 -6570.97 13551.79
V 317 -6570.99 13551.83
V 318 -6570.99 13551.85
V 319 -6571.02 13551.92
V 320 -6571.04 13551.96
V 321 -6571.06 13552.03
V 322 -6571.08 13552.06
V 323 -6609.64 13636.17
V 324 -6617.30 13663.68
V 325 -6617.33 13663.80
V 326 -6617.37 13663.89
V 327 -6617.40 13663.98
V 328 -6617.43 13664.04
V 329 -6656.79 13749.91
V 330 -6664.28 13776.79
V 331 -6664.31 13776.91
V 332 -6664.35 13777.00
V 333 -6664.38 13777.09
V 334 -6664.41 13777.14
V 335 -6703.38 13862.18
V 336 -6711.08 13889.82
V 337 -6711.11 13889.94
V 338 -6711.15 13890.03
V 339 -6711.18 13890.12
V 340 -6711.21 13890.17
V 341 -6750.82 13976.60
V 342 -6758.02 14002.47
V 343 -6758.03 14002.51
V 344 -6758.08 14002.62
V 345 -6758.11 14002.71
V 346 -6758.14 14002.75
V 347 -6774.23 14034.85
V 348 -6774.24 14034.88
V 349 -6774.29 14034.96
V 350 -6774.33 14035.04
V 351 -6774.39 14035.12
V 352 -6774.44 14035.20
V 353 -6798.75 14059.51
V 354 -6890.10 14323.68
V 355 -6890.14 14323.76
V 356 -6890.16 14323.83
V 357 -6890.19 14323.88
V 358 -6936.65 14425.28
V 359 -6932.66 14423.28
V 360 -6932.62 14423.25
V 361 -6932.55 14423.23
V 362 -6932.44 14423.18
V 363 -6926.13 14421.17
V 364 -6925.88 14421.11
V 365 -6922.23 14420.60
V 366 -6917.77 14419.02
V 367 -6917.71 14418.99
V 368 -6917.50 14418.94
V 369 -6917.45 14418.93
V 370 -6914.00 14418.46
V 371 -6911.60 14417.99
V 372 -6911.58 14417.99
V 373 -6911.55 14417.98
V 374 -6911.52 14417.98
V 375 -6909.64 14417.68
V 376 -6907.26 14417.19
V 377 -6907.20 14417.18
V 378 -6907.10 14417.17
V 379 -6907.05 14417.17
V 380 -6903.37 14416.82
V 381 -6903.33 14416.81
V 382 -6903.23 14416.80
V 383 -6900.92 14416.46
V 384 -6900.84 14416.44
V 385 -6900.74 14416.43
V 386 -6896.29 14416.17
V 387 -6896.23 14416.17
V 388 -6894.73 14416.03
V 389 -6894.69 14416.02
V 390 -6894.59 14416.01
V 391 -6894.54 14416.01
V 392 -6892.56 14415.95
V 393 -6887.85 14415.18
V 394 -6887.80 14415.17
V 395 -6881.28 14414.16
V 396 -6858.59 14411.21
V 397 -6854.86 14410.94
V 398 -6846.79 14408.86
V 399 -6846.77 14408.85
V 400 -6846.68 14408.83
V 401 -6846.66 14408.82
V 402 -6833.42 14405.60
V 403 -6833.36 14405.59
V 404 -6833.26 14405.57
V 405 -6833.16 14405.56
V 406 -6833.09 14405.56
V 407 -6825.38 14404.89
V 408 -6819.75 14402.24
V 409 -6819.64 14402.20
V 410 -6819.62 14402.19
V 411 -6819.57 14402.17
V 412 -6819.54 14402.16
V 413 -6810.21 14398.67
V 414 -6810.10 14398.63
V 415 -6810.03 14398.60
V 416 -6809.99 14398.59
V 417 -6809.93 14398.57
V 418 -6795.38 14394.99
V 419 -6795.21 14394.96
V 420 -6795.11 14394.95
V 421 -6795.08 14394.95
V 422 -6776.48 14393.00
V 423 -6765.08 14390.68
V 424 -6765.04 14390.68
V 425 -6764.97 14390.66
V 426 -6764.87 14390.65
V 427 -6760.96 14390.65
V 428 -6741.97 14387.02
V 429 -6741.88 14387.00
V 430 -6733.73 14385.40
V 431 -6733.65 14385.38
V 432 -6724.77 14384.15
V 433 -6724.66 14384.14
V 434 -6719.93 14383.84
V 435 -6717.99 14381.66
V 436 -6717.98 14381.64
V 437 -6717.78 14381.44
V 438 -6717.70 14381.39
V 439 -6717.62 14381.33
V 440 -6717.54 14381.29
V 441 -6717.46 14381.24
V 442 -6717.33 14381.19
V 443 -6717.30 14381.18
V 444 -6717.28 14381.17
V 445 -6713.11 14379.67
V 446 -6713.06 14379.65
V 447 -6712.79 14379.59
V 448 -6712.73 14379.58
V 449 -6712.71 14379.58
V 450 -6701.43 14378.76
V 451 -6697.27 14377.58
V 452 -6697.17 14377.55
V 453 -6697.04 14377.52
V 454 -6661.05 14371.12
V 455 -6660.53 14374.08
V 456 -6696.50 14380.48
V 457 -6700.71 14381.67
V 458 -6700.74 14381.68
V 459 -6701.01 14381.74
V 460 -6701.07 14381.75
V 461 -6701.09 14381.75
V 462 -6712.30 14382.57
V 463 -6715.95 14383.88
V 464 -6718.10 14386.30
V 465 -6718.56 14386.65
V 466 -6719.12 14386.80
V 467 -6724.39 14387.14
V 468 -6733.23 14388.36
V 469 -6733.25 14388.36
V 470 -6741.49 14389.98
V 471 -6741.52 14389.98
V 472 -6760.56 14393.62
V 473 -6760.65 14393.64
V 474 -6760.75 14393.65
V 475 -6764.63 14393.65
V 476 -6775.93 14395.95
V 477 -6776.04 14395.97
V 478 -6776.14 14395.98
V 479 -6776.17 14395.98
V 480 -6794.72 14397.93
V 481 -6809.18 14401.48
V 482 -6818.47 14404.96
V 483 -6824.32 14407.71
V 484 -6824.41 14407.74
V 485 -6824.50 14407.78
V 486 -6824.77 14407.84
V 487 -6824.87 14407.85
V 488 -6824.94 14407.85
V 489 -6832.79 14408.54
V 490 -6845.96 14411.74
V 491 -6854.18 14413.85
V 492 -6854.20 14413.86
V 493 -6854.47 14413.92
V 494 -6854.53 14413.93
V 495 -6854.55 14413.93
V 496 -6858.36 14414.21
V 497 -6880.90 14417.14
V 498 -6887.36 14418.14
V 499 -6887.39 14418.14
V 500 -6887.42 14418.15
V 501 -6887.45 14418.15
V 502 -6892.19 14418.93
V 503 -6892.39 14418.95
V 504 -6894.39 14419.01
V 505 -6894.47 14419.01
V 506 -6895.97 14419.15
V 507 -6896.01 14419.16
V 508 -6896.11 14419.17
V 509 -6900.56 14419.43
V 510 -6902.87 14419.77
V 511 -6902.95 14419.79
V 512 -6903.05 14419.80
V 513 -6903.10 14419.80
V 514 -6906.75 14420.15
V 515 -6909.05 14420.62
V 516 -6909.11 14420.63
V 517 -6909.13 14420.63
V 518 -6909.16 14420.64
V 519 -6909.19 14420.64
V 520 -6911.12 14420.95
V 521 -6911.16 14420.96
V 522 -6913.51 14421.42
V 523 -6913.60 14421.44
V 524 -6916.93 14421.89
V 525 -6921.39 14423.47
V 526 -6921.45 14423.50
V 527 -6921.70 14423.56
V 528 -6925.35 14424.07
V 529 -6931.44 14426.01
V 530 -6938.53 14429.57
V 531 -6946.02 14456.48
V 532 -6946.05 14456.60
V 533 -6946.09 14456.69
V 534 -6946.12 14456.78
V 535 -6946.14 14456.81
V 536 -6970.44 14509.80
V 537 -6983.09 14546.90
V 538 -6983.15 14547.07
V 539 -7035.22 14667.30
V 540 -7038.78 14680.06
V 541 -7038.81 14680.18
V 542 -7038.85 14680.27
V 543 -7038.88 14680.36
V 544 -7038.91 14680.41
V 545 -7078.59 14767.01
V 546 -7086.13 14794.06
V 547 -7086.16 14794.18
V 548 -7086.20 14794.27
V 549 -7086.23 14794.36
V 550 -7086.26 14794.41
V 551 -7125.70 14880.46
V 552 -7133.32 14907.85
V 553 -7133.34 14907.89
V 554 -7133.34 14907.91
V 555 -7133.37 14907.98
V 556 -7133.39 14908.02
V 557 -7133.41 14908.09
V 558 -7133.43 14908.12
V 559 -7172.59 14993.56
V 560 -7180.37 15021.50
V 561 -7180.38 15021.54
V 562 -7180.43 15021.65
V 563 -7180.46 15021.74
V 564 -7180.49 15021.79
V 565 -7219.65 15107.22
V 566 -7227.22 15134.45
V 567 -7227.24 15134.49
V 568 -7227.24 15134.51
V 569 -7227.27 15134.58
V 570 -7227.29 15134.62
V 571 -7227.31 15134.69
V 572 -7227.33 15134.72
V 573 -7266.54 15220.28
V 574 -7273.96 15246.93
V 575 -7273.98 15246.97
V 576 -7273.98 15246.99
V 577 -7274.01 15247.06
V 578 -7274.03 15247.10
V 579 -7274.05 15247.17
V 580 -7274.07 15247.20
V 581 -7313.06 15332.28
V 582 -7320.67 15359.59
V 583 -7320.68 15359.63
V 584 -7320.73 15359.74
V 585 -7320.76 15359.83
V 586 -7320.79 15359.88
V 587 -7359.80 15445.00
V 588 -7367.29 15471.88
V 589 -7367.32 15472.00
V 590 -7367.36 15472.09
V 591 -7367.39 15472.18
V 592 -7367.42 15472.23
V 593 -7406.64 15557.82
V 594 -7414.31 15585.35
V 595 -7414.34 15585.47
V 596 -7414.38 15585.56
V 597 -7414.41 15585.65
V 598 -7414.43 15585.68
V 599 -7453.40 15670.71
V 600 -7461.12 15698.41
V 601 -7461.13 15698.45
V 602 -7461.18 15698.56
V 603 -7461.21 15698.65
V 604 -7461.24 15698.70
V 605 -7500.95 15785.34
V 606 -7508.41 15812.19
V 607 -7508.43 15812.23
V 608 -7508.43 15812.25
V 609 -7508.46 15812.32
V 610 -7508.48 15812.36
V 611 -7508.50 15812.43
V 612 -7508.52 15812.46
V 613 -7547.29 15897.04
V 614 -7554.89 15924.32
V 615 -7554.92 15924.44
V 616 -7554.96 15924.53
V 617 -7554.99 15924.62
V 618 -7555.02 15924.67
V 619 -7594.46 16010.71
V 620 -7602.13 16038.27
V 621 -7602.14 16038.31
V 622 -7602.19 16038.42
V 623 -7602.22 16038.51
V 624 -7602.25 16038.56
V 625 -7641.41 16124.00
V 626 -7649.11 16151.66
V 627 -7649.12 16151.70
V 628 -7649.17 16151.81
V 629 -7649.20 16151.90
V 630 -7649.23 16151.96
V 631 -7695.98 16253.95
V 632 -7717.63 16340.56
V 633 -7727.98 16398.63
V 634 -7728.01 16398.75
V 635 -7728.02 16398.81
V 636 -7728.03 16398.84
V 637 -7769.07 16555.56
V 638 -7776.22 16599.25
V 639 -7776.22 16599.28
V 640 -7776.23 16599.31
V 641 -7776.23 16599.33
V 642 -7776.26 16599.47
V 643 -7776.27 16599.53
V 644 -7776.28 16599.56
V 645 -7815.25 16748.39
V 646 -7822.76 16794.16
V 647 -7822.76 16794.18
V 648 -7822.77 16794.22
V 649 -7822.77 16794.24
V 650 -7822.80 16794.38
V 651 -7822.81 16794.43
V 652 -7822.82 16794.47
V 653 -7861.88 16943.66
V 654 -7869.28 16988.75
V 655 -7869.28 16988.79
V 656 -7869.29 16988.82
V 657 -7869.29 16988.84
V 658 -7869.32 16988.98
V 659 -7869.33 16989.04
V 660 -7869.34 16989.07
V 661 -7908.26 17137.71
V 662 -7915.60 17182.43
V 663 -7915.60 17182.47
V 664 -7915.61 17182.50
V 665 -7915.61 17182.52
V 666 -7915.64 17182.66
V 667 -7915.65 17182.72
V 668 -7915.66 17182.75
V 669 -7954.40 17330.72
V 670 -7962.01 17377.14
V 671 -7962.01 17377.16
V 672 -7962.02 17377.20
V 673 -7962.02 17377.22
V 674 -7962.05 17377.36
V 675 -7962.06 17377.41
V 676 -7962.07 17377.45
V 677 -8001.02 17526.20
V 678 -8008.47 17571.70
V 679 -8008.47 17571.73
V 680 -8008.48 17571.75
V 681 -8008.48 17571.78
V 682 -8008.51 17571.91
V 683 -8008.52 17571.98
V 684 -8008.53 17572.00
V 685 -8047.57 17721.03
V 686 -8054.85 17765.47
V 687 -8054.85 17765.50
V 688 -8054.86 17765.53
V 689 -8054.86 17765.55
V 690 -8054.89 17765.68
V 691 -8054.90 17765.75
V 692 -8054.91 17765.78
V 693 -8093.87 17914.56
V 694 -8101.27 17959.71
V 695 -8101.27 17959.74
V 696 -8101.28 17959.77
V 697 -8101.28 17959.79
V 698 -8101.31 17959.93
V 699 -8101.32 17959.99
V 700 -8101.33 17960.02
V 701 -8140.45 18109.40
V 702 -8147.91 18154.95
V 703 -8147.91 18154.98
V 704 -8147.92 18155.00
V 705 -8147.92 18155.03
V 706 -8147.95 18155.16
V 707 -8147.96 18155.23
V 708 -8147.97 18155.25
V 709 -8186.79 18303.54
V 710 -8194.16 18348.47
V 711 -8194.16 18348.50
V 712 -8194.17 18348.53
V 713 -8194.17 18348.55
V 714 -8194.20 18348.68
V 715 -8194.20 18348.75
V 716 -8194.21 18348.78
V 717 -8233.20 18497.68
V 718 -8240.76 18543.72
V 719 -8240.76 18543.75
V 720 -8240.77 18543.78
V 721 -8240.77 18543.80
V 722 -8240.79 18543.93
V 723 -8240.81 18544.00
V 724 -8240.82 18544.03
V 725 -8279.70 18692.54
V 726 -8287.15 18737.93
V 727 -8287.15 18737.96
V 728 -8287.16 18737.99
V 729 -8287.16 18738.00
V 730 -8287.19 18738.15
V 731 -8287.20 18738.21
V 732 -8287.20 18738.24
V 733 -8326.01 18886.40
V 734 -8333.36 18931.25
V 735 -8333.36 18931.28
V 736 -8333.37 18931.31
V 737 -8333.37 18931.33
V 738 -8333.40 18931.47
V 739 -8333.41 18931.53
V 740 -8333.42 18931.56
V 741 -8372.69 19081.54
V 742 -8380.10 19126.77
V 743 -8380.10 19126.80
V 744 -8380.11 19126.83
V 745 -8380.11 19126.84
V 746 -8380.14 19126.99
V 747 -8380.15 19127.05
V 748 -8380.16 19127.08
V 749 -8418.92 19275.05
V 750 -8426.37 19320.63
V 751 -8426.37 19320.66
V 752 -8426.39 19320.68
V 753 -8426.39 19320.71
V 754 -8426.42 19320.84
V 755 -8426.43 19320.91
V 756 -8426.44 19320.93
V 757 -8465.35 19469.50
V 758 -8472.79 19514.98
V 759 -8472.79 19515.00
V 760 -8472.81 19515.04
V 761 -8472.81 19515.06
V 762 -8472.84 19515.20
V 763 -8472.85 19515.25
V 764 -8472.86 19515.29
V 765 -8511.62 19663.29
V 766 -8537.42 19821.00
V 767 -8537.42 19821.03
V 768 -8537.43 19821.06
V 769 -8572.58 20177.95
V 770 -8572.58 20177.99
V 771 -8572.60 21043.96
V 772 -8575.60 21043.96
V 773 -8575.58 20177.90
V 774 -8575.58 20177.81
V 775 -8575.57 20177.71
V 776 -8575.56 20177.68
V 777 -8540.41 19820.79
V 778 -8540.41 19820.75
V 779 -8540.40 19820.65
V 780 -8540.39 19820.59
V 781 -8514.58 19662.82
V 782 -8514.58 19662.79
V 783 -8514.57 19662.75
V 784 -8514.57 19662.74
V 785 -8514.54 19662.59
V 786 -8514.53 19662.54
V 787 -8514.52 19662.50
V 788 -8475.76 19514.50
V 789 -8468.31 19469.03
V 790 -8468.31 19469.00
V 791 -8468.29 19468.97
V 792 -8468.29 19468.95
V 793 -8468.27 19468.81
V 794 -8468.26 19468.75
V 795 -8468.25 19468.72
V 796 -8429.34 19320.16
V 797 -8421.87 19274.58
V 798 -8421.87 19274.55
V 799 -8421.87 19274.52
V 800 -8421.87 19274.50
V 801 -8421.84 19274.36
V 802 -8421.83 19274.30
V 803 -8421.82 19274.27
V 804 -8383.06 19126.30
V 805 -8375.65 19081.07
V 806 -8375.65 19081.04
V 807 -8375.64 19081.00
V 808 -8375.64 19080.99
V 809 -8375.61 19080.84
V 810 -8375.60 19080.79
V 811 -8375.59 19080.75
V 812 -8336.32 18930.78
V 813 -8328.96 18885.93
V 814 -8328.96 18885.90
V 815 -8328.95 18885.87
V 816 -8328.95 18885.84
V 817 -8328.93 18885.71
V 818 -8328.92 18885.65
V 819 -8328.91 18885.62
V 820 -8290.11 18737.46
V 821 -8282.67 18692.07
V 822 -8282.67 18692.04
V 823 -8282.66 18692.00
V 824 -8282.66 18691.99
V 825 -8282.62 18691.84
V 826 -8282.62 18691.79
V 827 -8282.61 18691.75
V 828 -8243.71 18543.25
V 829 -8236.17 18497.21
V 830 -8236.17 18497.18
V 831 -8236.16 18497.15
V 832 -8236.16 18497.13
V 833 -8236.12 18496.99
V 834 -8236.12 18496.93
V 835 -8236.11 18496.90
V 836 -8197.12 18348.00
V 837 -8189.75 18303.07
V 838 -8189.75 18303.04
V 839 -8189.74 18303.00
V 840 -8189.74 18302.99
V 841 -8189.71 18302.84
V 842 -8189.70 18302.79
V 843 -8189.69 18302.75
V 844 -8150.87 18154.48
V 845 -8143.41 18108.93
V 846 -8143.41 18108.90
V 847 -8143.40 18108.87
V 848 -8143.40 18108.84
V 849 -8143.37 18108.71
V 850 -8143.36 18108.65
V 851 -8143.35 18108.62
V 852 -8104.23 17959.24
V 853 -8096.83 17914.09
V 854 -8096.83 17914.06
V 855 -8096.82 17914.03
V 856 -8096.82 17914.00
V 857 -8096.79 17913.87
V 858 -8096.78 17913.81
V 859 -8096.77 17913.78
V 860 -8057.81 17765.00
V 861 -8050.53 17720.56
V 862 -8050.53 17720.53
V 863 -8050.52 17720.50
V 864 -8050.52 17720.48
V 865 -8050.49 17720.34
V 866 -8050.48 17720.28
V 867 -8050.47 17720.25
V 868 -8011.43 17571.23
V 869 -8003.98 17525.73
V 870 -8003.98 17525.70
V 871 -8003.97 17525.66
V 872 -8003.97 17525.65
V 873 -8003.94 17525.50
V 874 -8003.93 17525.45
V 875 -8003.92 17525.41
V 876 -7964.97 17376.66
V 877 -7957.36 17330.25
V 878 -7957.36 17330.22
V 879 -7957.35 17330.18
V 880 -7957.35 17330.16
V 881 -7957.32 17330.03
V 882 -7957.31 17329.97
V 883 -7957.30 17329.93
V 884 -7918.56 17181.97
V 885 -7911.22 17137.24
V 886 -7911.22 17137.21
V 887 -7911.21 17137.18
V 888 -7911.21 17137.16
V 889 -7911.18 17137.02
V 890 -7911.17 17136.96
V 891 -7911.16 17136.93
V 892 -7872.24 16988.29
V 893 -7864.84 16943.20
V 894 -7864.84 16943.16
V 895 -7864.83 16943.14
V 896 -7864.83 16943.12
V 897 -7864.80 16942.98
V 898 -7864.79 16942.91
V 899 -7864.78 16942.89
V 900 -7825.72 16793.68
V 901 -7818.21 16747.91
V 902 -7818.21 16747.89
V 903 -7818.20 16747.86
V 904 -7818.20 16747.84
V 905 -7818.17 16747.70
V 906 -7818.16 16747.64
V 907 -7818.15 16747.61
V 908 -7779.18 16598.78
V 909 -7772.03 16555.09
V 910 -7772.03 16555.06
V 911 -7772.02 16555.03
V 912 -7772.02 16555.00
V 913 -7771.99 16554.87
V 914 -7771.98 16554.81
V 915 -7771.97 16554.78
V 916 -7730.94 16398.09
V 917 -7720.58 16339.97
V 918 -7720.56 16339.87
V 919 -7698.94 16253.39
V 920 -7700.73 16238.08
V 921 -7700.73 16238.03
V 922 -7702.52 16228.71
V 923 -7704.92 16221.08
V 924 -7704.93 16221.06
V 925 -7707.11 16214.34
V 926 -7711.07 16208.40
V 927 -7711.08 16208.38
V 928 -7714.64 16202.84
V 929 -7719.86 16197.02
V 930 -7719.90 16196.98
V 931 -7719.95 16196.90
V 932 -7720.01 16196.82
V 933 -7720.07 16196.72
V 934 -7737.74 16163.40
V 935 -7737.77 16163.34
V 936 -7743.71 16152.95
V 937 -7749.61 16148.66
V 938 -7749.69 16148.60
V 939 -7749.77 16148.55
V 940 -7749.97 16148.35
V 941 -7750.02 16148.27
V 942 -7750.08 16148.19
V 943 -7750.12 16148.11
V 944 -7750.17 16148.03
V 945 -7750.18 16147.99
V 946 -7751.87 16144.49
V 947 -7751.89 16144.44
V 948 -7751.90 16144.41
V 949 -7753.89 16139.50
V 950 -7759.11 16134.95
V 951 -7759.13 16134.94
V 952 -7759.33 16134.74
V 953 -7759.38 16134.66
V 954 -7759.44 16134.58
V 955 -7759.47 16134.53
V 956 -7762.28 16129.45
V 957 -7767.19 16126.40
V 958 -7767.58 16126.05
V 959 -7767.83 16125.59
V 960 -7770.59 16117.00
V 961 -7780.90 16102.64
V 962 -7780.92 16102.62
V 963 -7780.95 16102.57
V 964 -7781.01 16102.49
V 965 -7781.03 16102.46
V 966 -7781.07 16102.38
V 967 -7781.12 16102.30
V 968 -7781.13 16102.26
V 969 -7788.25 16086.79
V 970 -7799.29 16080.97
V 971 -7799.33 16080.94
V 972 -7799.39 16080.91
V 973 -7799.47 16080.85
V 974 -7799.55 16080.80
V 975 -7799.75 16080.60
V 976 -7806.06 16073.97
V 977 -7806.13 16073.90
V 978 -7806.18 16073.82
V 979 -7806.22 16073.77
V 980 -7872.38 15973.57
V 981 -7886.00 15956.36
V 982 -7886.25 15955.90
V 983 -7886.32 15955.39
V 984 -7884.55 15886.33
V 985 -7919.31 15868.44
V 986 -7936.54 15858.74
V 987 -7937.10 15858.19
V 988 -7937.30 15857.43
V 989 -7937.30 15839.50
V 990 -7948.83 15818.53
V 991 -7965.83 15802.60
V 992 -7966.04 15802.39
V 993 -7979.95 15788.32
V 994 -7980.00 15788.24
V 995 -7980.06 15788.16
V 996 -7980.07 15788.14
V 997 -7990.68 15772.49
V 998 -8004.98 15758.72
V 999 -8005.19 15758.51
V 1000 -8005.24 15758.43
V 1001 -8005.30 15758.35
V 1002 -8005.34 15758.27
V 1003 -8005.39 15758.19
V 1004 -8005.40 15758.16
V 1005 -8012.46 15745.35
V 1006 -8024.28 15735.10
V 1007 -8024.33 15735.07
V 1008 -8024.53 15734.87
V 1009 -8024.57 15734.81
V 1010 -8029.34 15728.45
V 1011 -8029.36 15728.43
V 1012 -8029.39 15728.39
V 1013 -8029.40 15728.37
V 1014 -8039.84 15713.66
V 1015 -8039.85 15713.64
V 1016 -8054.90 15696.78
V 1017 -8054.94 15696.74
V 1018 -8054.98 15696.68
V 1019 -8055.04 15696.60
V 1020 -8071.96 15670.62
V 1021 -8072.04 15670.48
V 1022 -8087.64 15640.47
V 1023 -8104.41 15623.10
V 1024 -8104.49 15623.02
V 1025 -8104.53 15622.96
V 1026 -8104.56 15622.92
V 1027 -8123.38 15595.98
V 1028 -8162.59 15556.76
V 1029 -8174.71 15548.69
V 1030 -8175.06 15548.37
V 1031 -8175.29 15547.95
V 1032 -8187.45 15514.17
V 1033 -8211.67 15481.87
V 1034 -8231.91 15465.68
V 1035 -8231.94 15465.66
V 1036 -8231.98 15465.62
V 1037 -8245.58 15453.39
V 1038 -8243.58 15451.15
V 1039 -8230.02 15463.34
V 1040 -8229.99 15463.37
V 1041 -8209.66 15479.64
V 1042 -8209.62 15479.66
V 1043 -8209.43 15479.86
V 1044 -8209.39 15479.92
V 1045 -8184.98 15512.47
V 1046 -8184.96 15512.49
V 1047 -8184.94 15512.53
V 1048 -8184.92 15512.55
V 1049 -8184.91 15512.57
V 1050 -8184.85 15512.65
V 1051 -8184.81 15512.73
V 1052 -8184.76 15512.81
V 1053 -8184.73 15512.90
V 1054 -8184.71 15512.94
V 1055 -8184.70 15512.97
V 1056 -8184.69 15512.99
V 1057 -8172.64 15546.46
V 1058 -8160.81 15554.34
V 1059 -8160.78 15554.37
V 1060 -8160.76 15554.38
V 1061 -8160.68 15554.43
V 1062 -8121.06 15594.06
V 1063 -8121.02 15594.13
V 1064 -8120.99 15594.16
V 1065 -8102.16 15621.11
V 1066 -8085.33 15638.54
V 1067 -8085.25 15638.62
V 1068 -8085.20 15638.70
V 1069 -8085.14 15638.78
V 1070 -8085.09 15638.88
V 1071 -8085.07 15638.90
V 1072 -8085.04 15638.96
V 1073 -8069.43 15669.00
V 1074 -8052.58 15694.87
V 1075 -8037.56 15711.70
V 1076 -8037.52 15711.74
V 1077 -8037.41 15711.90
V 1078 -8027.04 15726.51
V 1079 -8027.00 15726.57
V 1080 -8022.25 15732.90
V 1081 -8010.37 15743.20
V 1082 -8010.32 15743.23
V 1083 -8010.12 15743.43
V 1084 -8010.07 15743.51
V 1085 -8010.01 15743.59
V 1086 -8009.97 15743.67
V 1087 -8009.92 15743.75
V 1088 -8009.91 15743.78
V 1089 -8002.84 15756.62
V 1090 -7988.57 15770.35
V 1091 -7988.37 15770.55
V 1092 -7988.32 15770.63
V 1093 -7988.26 15770.71
V 1094 -7988.25 15770.73
V 1095 -7977.63 15786.40
V 1096 -7963.84 15800.35
V 1097 -7946.68 15816.43
V 1098 -7946.48 15816.63
V 1099 -7946.43 15816.71
V 1100 -7946.37 15816.79
V 1101 -7946.33 15816.87
V 1102 -7946.28 15816.95
V 1103 -7946.27 15816.98
V 1104 -7934.53 15838.33
V 1105 -7934.49 15838.41
V 1106 -7934.44 15838.49
V 1107 -7934.41 15838.58
V 1108 -7934.37 15838.67
V 1109 -7934.31 15838.94
V 1110 -7934.30 15839.04
V 1111 -7934.30 15856.55
V 1112 -7917.83 15865.82
V 1113 -7882.34 15884.10
V 1114 -7881.90 15884.44
V 1115 -7881.62 15884.92
V 1116 -7881.53 15885.47
V 1117 -7883.31 15954.92
V 1118 -7870.04 15971.69
V 1119 -7870.02 15971.71
V 1120 -7869.91 15971.87
V 1121 -7803.79 16072.01
V 1122 -7797.68 16078.42
V 1123 -7786.40 16084.37
V 1124 -7786.01 16084.66
V 1125 -7785.74 16085.07
V 1126 -7778.46 16100.90
V 1127 -7768.09 16115.35
V 1128 -7768.07 16115.37
V 1129 -7768.04 16115.42
V 1130 -7767.98 16115.50
V 1131 -7767.96 16115.53
V 1132 -7767.92 16115.61
V 1133 -7767.87 16115.69
V 1134 -7767.84 16115.78
V 1135 -7767.80 16115.87
V 1136 -7765.14 16124.15
V 1137 -7760.35 16127.12
V 1138 -7760.27 16127.18
V 1139 -7760.19 16127.23
V 1140 -7759.99 16127.43
V 1141 -7759.94 16127.51
V 1142 -7759.88 16127.59
V 1143 -7759.84 16127.66
V 1144 -7756.99 16132.82
V 1145 -7751.70 16137.43
V 1146 -7751.68 16137.44
V 1147 -7751.48 16137.64
V 1148 -7751.43 16137.72
V 1149 -7751.37 16137.80
V 1150 -7751.33 16137.88
V 1151 -7751.28 16137.96
V 1152 -7751.25 16138.04
V 1153 -7749.15 16143.21
V 1154 -7749.14 16143.24
V 1155 -7747.62 16146.40
V 1156 -7741.77 16150.66
V 1157 -7741.69 16150.72
V 1158 -7741.61 16150.77
V 1159 -7741.41 16150.97
V 1160 -7741.36 16151.05
V 1161 -7741.30 16151.13
V 1162 -7741.27 16151.19
V 1163 -7741.21 16151.29
V 1164 -7735.16 16161.88
V 1165 -7735.14 16161.90
V 1166 -7735.11 16161.96
V 1167 -7735.08 16162.00
V 1168 -7717.50 16195.16
V 1169 -7712.34 16200.91
V 1170 -7712.30 16200.95
V 1171 -7712.25 16201.03
V 1172 -7712.19 16201.11
V 1173 -7712.18 16201.13
V 1174 -7708.55 16206.77
V 1175 -7704.47 16212.89
V 1176 -7704.43 16212.97
V 1177 -7704.38 16213.05
V 1178 -7704.35 16213.14
V 1179 -7704.31 16213.23
V 1180 -7702.06 16220.17
V 1181 -7699.65 16227.84
V 1182 -7699.64 16227.86
V 1183 -7699.58 16228.13
V 1184 -7699.58 16228.16
V 1185 -7697.77 16237.59
V 1186 -7697.75 16237.68
V 1187 -7697.74 16237.78
V 1188 -7696.55 16248.01
V 1189 -7651.99 16150.80
V 1190 -7644.29 16123.14
V 1191 -7644.28 16123.10
V 1192 -7644.23 16122.99
V 1193 -7644.20 16122.90
V 1194 -7644.17 16122.85
V 1195 -7605.01 16037.41
V 1196 -7597.34 16009.85
V 1197 -7597.33 16009.81
V 1198 -7597.28 16009.70
V 1199 -7597.25 16009.61
V 1200 -7597.22 16009.56
V 1201 -7557.76 15923.46
V 1202 -7550.15 15896.16
V 1203 -7550.12 15896.04
V 1204 -7550.08 15895.95
V 1205 -7550.05 15895.86
V 1206 -7550.03 15895.83
V 1207 -7511.29 15811.30
V 1208 -7503.83 15784.48
V 1209 -7503.82 15784.44
V 1210 -7503.77 15784.33
V 1211 -7503.74 15784.24
V 1212 -7503.71 15784.19
V 1213 -7464.00 15697.55
V 1214 -7456.28 15669.82
V 1215 -7456.26 15669.78
V 1216 -7456.26 15669.76
V 1217 -7456.23 15669.69
V 1218 -7456.21 15669.65
V 1219 -7456.19 15669.58
V 1220 -7456.17 15669.55
V 1221 -7417.17 15584.47
V 1222 -7409.51 15556.96
V 1223 -7409.48 15556.84
V 1224 -7409.44 15556.75
V 1225 -7409.41 15556.66
V 1226 -7409.38 15556.61
V 1227 -7370.16 15471.02
V 1228 -7362.67 15444.14
V 1229 -7362.64 15444.02
V 1230 -7362.60 15443.93
V 1231 -7362.57 15443.84
V 1232 -7362.54 15443.79
V 1233 -7323.55 15358.73
V 1234 -7315.94 15331.39
V 1235 -7315.92 15331.35
V 1236 -7315.92 15331.33
V 1237 -7315.89 15331.26
V 1238 -7315.87 15331.22
V 1239 -7315.85 15331.15
V 1240 -7315.83 15331.12
V 1241 -7276.84 15246.04
V 1242 -7269.42 15219.39
V 1243 -7269.40 15219.35
V 1244 -7269.40 15219.33
V 1245 -7269.37 15219.26
V 1246 -7269.35 15219.22
V 1247 -7269.33 15219.15
V 1248 -7269.31 15219.12
V 1249 -7230.10 15133.56
V 1250 -7222.53 15106.36
V 1251 -7222.52 15106.32
V 1252 -7222.47 15106.21
V 1253 -7222.44 15106.12
V 1254 -7222.41 15106.07
V 1255 -7183.25 15020.64
V 1256 -7175.47 14992.67
V 1257 -7175.45 14992.63
V 1258 -7175.45 14992.61
V 1259 -7175.42 14992.54
V 1260 -7175.40 14992.50
V 1261 -7175.38 14992.43
V 1262 -7175.36 14992.40
V 1263 -7136.20 14906.96
V 1264 -7128.58 14879.60
V 1265 -7128.57 14879.56
V 1266 -7128.52 14879.45
V 1267 -7128.49 14879.36
V 1268 -7128.46 14879.31
V 1269 -7089.00 14793.20
V 1270 -7081.46 14766.15
V 1271 -7081.43 14766.03
V 1272 -7081.39 14765.94
V 1273 -7081.36 14765.85
V 1274 -7081.33 14765.80
V 1275 -7041.65 14679.20
V 1276 -7038.07 14666.39
V 1277 -7038.04 14666.27
V 1278 -7038.02 14666.21
V 1279 -7037.99 14666.13
V 1280 -6985.91 14545.87
V 1281 -6973.26 14508.79
V 1282 -6973.24 14508.75
V 1283 -6973.21 14508.67
V 1284 -6973.19 14508.61
V 1285 -6973.17 14508.58
V 1286 -6948.88 14455.60
V 1287 -6941.25 14428.19
V 1288 -6941.22 14428.07
V 1289 -6941.18 14427.98
V 1290 -6941.15 14427.89
V 1291 -6941.12 14427.84
V 1292 -6892.94 14322.70
V 1293 -6801.48 14058.21
V 1294 -6801.45 14058.15
V 1295 -6801.42 14058.06
V 1296 -6801.37 14057.98
V 1297 -6801.33 14057.90
V 1298 -6801.27 14057.82
V 1299 -6801.22 14057.74
V 1300 -6776.83 14033.35
V 1301 -6760.89 14001.56
V 1302 -6753.70 13975.74
V 1303 -6753.69 13975.70
V 1304 -6753.64 13975.59
V 1305 -6753.61 13975.50
V 1306 -6753.58 13975.45
V 1307 -6713.95 13888.96
V 1308 -6706.25 13861.32
V 1309 -6706.22 13861.20
V 1310 -6706.18 13861.11
V 1311 -6706.15 13861.02
V 1312 -6706.12 13860.97
V 1313 -6667.15 13775.93
V 1314 -6659.66 13749.05
V 1315 -6659.63 13748.93
V 1316 -6659.59 13748.84
V 1317 -6659.56 13748.75
V 1318 -6659.53 13748.69
V 1319 -6620.17 13662.82
V 1320 -6612.50 13635.29
V 1321 -6612.47 13635.17
V 1322 -6612.43 13635.08
V 1323 -6612.40 13634.99
V 1324 -6612.38 13634.96
V 1325 -6573.85 13550.90
V 1326 -6566.26 13523.64
V 1327 -6566.24 13523.60
V 1328 -6566.24 13523.58
V 1329 -6566.21 13523.51
V 1330 -6566.19 13523.47
V 1331 -6566.17 13523.40
V 1332 -6566.15 13523.37
V 1333 -6526.59 13437.05
V 1334 -6518.99 13409.78
V 1335 -6518.98 13409.74
V 1336 -6518.93 13409.63
V 1337 -6518.90 13409.54
V 1338 -6518.87 13409.49
V 1339 -6479.40 13323.34
V 1340 -6471.77 13295.95
V 1341 -6471.74 13295.83
V 1342 -6471.70 13295.74
V 1343 -6471.67 13295.65
V 1344 -6471.65 13295.62
V 1345 -6432.75 13210.75
V 1346 -6425.32 13184.09
V 1347 -6425.30 13184.05
V 1348 -6425.30 13184.03
V 1349 -6425.27 13183.96
V 1350 -6425.25 13183.92
V 1351 -6425.23 13183.85
V 1352 -6425.21 13183.82
V 1353 -6386.99 13100.45
V 1354 -6376.58 13062.78
V 1355 -6376.56 13062.73
V 1356 -6376.56 13062.71
V 1357 -6376.51 13062.58
V 1358 -6346.81 12994.27
V 1359 -6346.78 12994.21
V 1360 -6346.75 12994.16
V 1361 -6225.78 12767.86
V 1362 -6225.76 12767.83
V 1363 -6225.74 12767.79
V 1364 -6225.71 12767.74
V 1365 -6225.69 12767.70
V 1366 -6225.65 12767.64
V 1367 -6213.60 12750.32
V 1368 -6180.68 12694.58
V 1369 -6180.66 12694.54
V 1370 -6180.62 12694.48
V 1371 -6166.23 12673.78
V 1372 -6133.01 12617.56
V 1373 -6132.99 12617.52
V 1374 -6132.95 12617.46
V 1375 -6117.82 12595.71
V 1376 -6085.28 12540.64
V 1377 -6085.26 12540.60
V 1378 -6085.22 12540.54
V 1379 -6070.11 12518.83
V 1380 -6037.36 12463.41
V 1381 -6037.34 12463.37
V 1382 -6037.30 12463.31
V 1383 -6022.33 12441.79
V 1384 -5990.30 12387.59
V 1385 -5990.28 12387.55
V 1386 -5990.24 12387.49
V 1387 -5949.84 12329.43
V 1388 -5885.10 12207.65
V 1389 -5885.09 12207.61
V 1390 -5885.04 12207.53
V 1391 -5884.99 12207.43
V 1392 -5826.98 12118.72
V 1393 -5826.93 12118.66
V 1394 -5826.88 12118.58
V 1395 -5815.61 12107.31
V 1396 -5799.67 12080.33
V 1397 -5799.65 12080.29
V 1398 -5799.61 12080.23
V 1399 -5785.35 12059.73
V 1400 -5753.83 12006.39
V 1401 -5753.81 12006.35
V 1402 -5753.77 12006.29
V 1403 -5704.48 11935.44
V 1404 -5685.93 11903.12
V 1405 -5653.93 11839.75
V 1406 -5578.65 11696.68
V 1407 -5578.61 11696.61
V 1408 -5578.59 11696.58
V 1409 -5578.55 11696.53
V 1410 -5578.48 11696.42
V 1411 -5578.46 11696.40
V 1412 -5575.10 11692.16
V 1413 -5554.63 11643.00
V 1414 -5554.61 11642.94
V 1415 -5554.58 11642.88
V 1416 -5439.73 11425.56
V 1417 -5439.69 11425.50
V 1418 -5439.67 11425.46
V 1419 -5439.61 11425.38
V 1420 -5439.56 11425.30
V 1421 -5439.53 11425.27
V 1422 -5304.88 11248.96
V 1423 -5287.82 11216.53
V 1424 -5287.78 11216.47
V 1425 -5287.76 11216.43
V 1426 -5287.70 11216.35
V 1427 -5287.65 11216.27
V 1428 -5287.62 11216.24
V 1429 -5179.60 11081.42
V 1430 -5177.12 11077.21
V 1431 -5177.10 11077.17
V 1432 -5177.06 11077.11
V 1433 -5162.24 11055.79
V 1434 -5148.10 11023.16
V 1435 -5148.08 11023.12
V 1436 -5148.03 11023.04
V 1437 -5147.99 11022.96
V 1438 -5147.97 11022.94
V 1439 -5117.43 10967.63
V 1440 -5117.43 10967.60
V 1441 -5079.60 10892.70
V 1442 -5007.14 10755.59
V 1443 -5007.10 10755.53
V 1444 -5007.08 10755.49
V 1445 -5007.02 10755.41
V 1446 -5006.97 10755.33
V 1447 -5006.93 10755.30
V 1448 -4872.89 10579.60
V 1449 -4855.66 10546.84
V 1450 -4855.62 10546.78
V 1451 -4855.60 10546.74
V 1452 -4855.54 10546.66
V 1453 -4855.49 10546.58
V 1454 -4855.46 10546.55
V 1455 -4819.46 10501.59
V 1456 -4801.08 10470.48
V 1457 -4801.06 10470.44
V 1458 -4801.02 10470.37
V 1459 -4786.07 10448.89
V 1460 -4753.01 10392.92
V 1461 -4752.99 10392.87
V 1462 -4752.95 10392.82
V 1463 -4738.43 10371.95
V 1464 -4706.75 10318.34
V 1465 -4706.72 10318.29
V 1466 -4706.68 10318.24
V 1467 -4691.52 10296.42
V 1468 -4658.60 10240.70
V 1469 -4658.58 10240.67
V 1470 -4658.54 10240.61
V 1471 -4643.76 10219.37
V 1472 -4611.06 10164.03
V 1473 -4611.04 10163.99
V 1474 -4611.00 10163.93
V 1475 -4596.12 10142.56
V 1476 -4563.77 10087.81
V 1477 -4563.75 10087.77
V 1478 -4563.71 10087.70
V 1479 -4548.43 10065.76
V 1480 -4517.12 10012.75
V 1481 -4517.10 10012.70
V 1482 -4517.06 10012.65
V 1483 -4508.76 10000.74
V 1484 -4498.71 9975.59
V 1485 -4498.70 9975.57
V 1486 -4498.68 9975.51
V 1487 -4498.63 9975.43
V 1488 -4498.59 9975.35
V 1489 -4448.08 9894.54
V 1490 -4448.01 9894.44
V 1491 -4447.97 9894.37
V 1492 -4447.93 9894.34
V 1493 -4312.18 9717.19
V 1494 -4302.50 9699.37
V 1495 -4302.42 9699.25
V 1496 -4242.96 9612.76
V 1497 -4242.92 9612.70
V 1498 -4242.88 9612.65
V 1499 -4242.68 9612.45
V 1500 -4209.02 9579.23
V 1501 -4193.77 9557.04
V 1502 -4193.72 9557.00
V 1503 -4193.68 9556.94
V 1504 -4193.49 9556.74
V 1505 -4161.14 9524.79
V 1506 -4145.77 9502.45
V 1507 -4145.72 9502.40
V 1508 -4145.68 9502.34
V 1509 -4145.49 9502.14
V 1510 -4112.42 9469.49
V 1511 -4097.02 9447.10
V 1512 -4096.97 9447.04
V 1513 -4096.93 9446.99
V 1514 -4096.74 9446.79
V 1515 -4063.66 9414.12
V 1516 -4048.24 9391.70
V 1517 -4048.20 9391.66
V 1518 -4048.16 9391.60
V 1519 -4047.96 9391.40
V 1520 -4015.39 9359.25
V 1521 -3999.90 9336.73
V 1522 -3999.86 9336.68
V 1523 -3999.82 9336.62
V 1524 -3999.62 9336.42
V 1525 -3966.74 9303.96
V 1526 -3951.52 9281.83
V 1527 -3951.48 9281.78
V 1528 -3951.44 9281.71
V 1529 -3951.24 9281.52
V 1530 -3918.52 9249.23
V 1531 -3903.18 9226.89
V 1532 -3903.14 9226.84
V 1533 -3903.10 9226.78
V 1534 -3902.90 9226.58
V 1535 -3869.89 9194.02
V 1536 -3855.25 9172.73
V 1537 -3855.21 9172.68
V 1538 -3855.17 9172.62
V 1539 -3854.97 9172.42
V 1540 -3773.74 9092.14
V 1541 -3714.35 9002.61
V 1542 -3714.32 9002.58
V 1543 -3714.31 9002.56
V 1544 -3714.26 9002.48
V 1545 -3666.71 8954.94
V 1546 -3577.79 8822.86
V 1547 -3577.78 8822.84
V 1548 -3577.72 8822.76
V 1549 -3577.67 8822.68
V 1550 -3538.18 8782.95
V 1551 -3413.02 8591.93
V 1552 -3413.00 8591.89
V 1553 -3412.94 8591.81
V 1554 -3412.89 8591.73
V 1555 -3335.85 8514.69
V 1556 -3335.80 8514.66
V 1557 -3185.04 8386.76
V 1558 -3139.15 8318.62
V 1559 -3139.14 8318.61
V 1560 -3139.08 8318.53
V 1561 -3139.03 8318.45
V 1562 -3099.00 8278.20
V 1563 -2970.86 8082.49
V 1564 -2970.84 8082.45
V 1565 -2970.78 8082.37
V 1566 -2970.73 8082.29
V 1567 -2897.02 8008.58
V 1568 -2896.97 8008.55
V 1569 -2747.21 7881.57
V 1570 -2675.28 7771.89
V 1571 -2675.26 7771.85
V 1572 -2675.20 7771.77
V 1573 -2675.15 7771.69
V 1574 -2604.10 7700.64
V 1575 -2604.05 7700.61
V 1576 -2454.17 7572.91
V 1577 -2371.76 7446.50
V 1578 -2371.71 7446.45
V 1579 -2371.66 7446.36
V 1580 -2371.44 7446.15
V 1581 -2293.05 7371.02
V 1582 -2292.96 7370.94
V 1583 -2292.92 7370.91
V 1584 -2205.30 7298.81
V 1585 -2173.13 7267.06
V 1586 -2157.69 7244.56
V 1587 -2157.65 7244.51
V 1588 -2157.61 7244.45
V 1589 -2157.41 7244.25
V 1590 -2124.19 7211.49
V 1591 -2108.58 7188.77
V 1592 -2108.54 7188.72
V 1593 -2108.50 7188.66
V 1594 -2108.30 7188.46
V 1595 -2000.45 7082.05
V 1596 -1904.49 6946.20
V 1597 -1904.44 6946.15
V 1598 -1904.42 6946.11
V 1599 -1811.31 6853.01
V 1600 -1811.23 6852.96
V 1601 -1811.21 6852.95
V 1602 -1811.18 6852.92
V 1603 -1781.04 6832.83
V 1604 -1760.48 6812.27
V 1605 -1760.40 6812.22
V 1606 -1760.38 6812.21
V 1607 -1760.35 6812.18
V 1608 -1731.38 6792.87
V 1609 -1711.05 6772.54
V 1610 -1710.97 6772.49
V 1611 -1710.95 6772.48
V 1612 -1710.92 6772.45
V 1613 -1681.74 6753.01
V 1614 -1661.59 6732.86
V 1615 -1661.51 6732.81
V 1616 -1661.49 6732.80
V 1617 -1661.46 6732.77
V 1618 -1631.94 6713.10
V 1619 -1611.91 6693.07
V 1620 -1611.83 6693.02
V 1621 -1611.81 6693.01
V 1622 -1611.78 6692.98
V 1623 -1582.31 6673.33
V 1624 -1561.91 6652.92
V 1625 -1561.83 6652.87
V 1626 -1561.81 6652.86
V 1627 -1561.78 6652.83
V 1628 -1532.64 6633.41
V 1629 -1512.30 6613.07
V 1630 -1512.22 6613.02
V 1631 -1512.20 6613.01
V 1632 -1512.17 6612.98
V 1633 -1482.77 6593.37
V 1634 -1462.55 6573.16
V 1635 -1462.47 6573.11
V 1636 -1462.45 6573.10
V 1637 -1462.42 6573.07
V 1638 -1430.07 6551.51
V 1639 -1415.29 6536.72
V 1640 -1415.21 6536.67
V 1641 -1415.13 6536.61
V 1642 -1415.11 6536.60
V 1643 -1387.74 6518.17
V 1644 -1352.56 6475.87
V 1645 -1352.53 6475.82
V 1646 -1287.74 6411.03
V 1647 -1287.66 6410.97
V 1648 -1158.61 6317.70
V 1649 -1138.59 6297.65
V 1650 -1138.52 6297.59
V 1651 -1005.77 6201.64
V 1652 -990.22 6186.09
V 1653 -990.14 6186.04
V 1654 -990.06 6185.98
V 1655 -846.57 6081.80
V 1656 -804.98 6031.79
V 1657 -804.98 73.47
V 1658 -801.98 73.47
V 1659 -801.98 6032.33
