V 0 1059.33 671.23
V 1 1050.89 669.00
V 2 1026.79 665.32
V 3 1026.79 665.33
V 4 971.36 650.67
V 5 971.27 650.63
V 6 971.23 650.62
V 7 971.22 650.59
V 8 971.12 650.57
V 9 971.10 650.54
V 10 971.04 650.54
V 11 971.01 650.52
V 12 970.98 650.51
V 13 970.95 650.49
V 14 970.89 650.48
V 15 970.87 650.46
V 16 970.83 650.45
V 17 970.81 650.42
V 18 970.78 650.42
V 19 970.74 650.41
V 20 970.72 650.39
V 21 970.66 650.35
V 22 970.64 650.35
V 23 970.61 650.33
V 24 970.58 650.32
V 25 970.52 650.29
V 26 970.49 650.28
V 27 970.48 650.25
V 28 970.42 650.23
V 29 970.31 650.16
V 30 970.28 650.15
V 31 970.23 650.12
V 32 970.20 650.09
V 33 970.05 649.98
V 34 970.02 649.98
V 35 970.00 649.95
V 36 969.97 649.92
V 37 969.95 649.91
V 38 969.93 649.89
V 39 969.87 649.86
V 40 969.84 649.84
V 41 969.80 649.79
V 42 969.77 649.78
V 43 969.52 649.55
V 44 969.50 649.52
V 45 969.44 649.48
V 46 969.31 649.35
V 47 969.29 649.32
V 48 969.27 649.29
V 49 969.23 649.25
V 50 969.21 649.23
V 51 969.18 649.21
V 52 969.16 649.17
V 53 969.15 649.16
V 54 969.10 649.11
V 55 969.09 649.08
V 56 969.07 649.05
V 57 969.04 649.04
V 58 969.03 649.01
V 59 968.99 648.97
V 60 968.95 648.91
V 61 968.93 648.89
V 62 968.92 648.86
V 63 968.89 648.83
V 64 968.87 648.82
V 65 968.85 648.79
V 66 968.84 648.76
V 67 968.82 648.74
V 68 968.81 648.71
V 69 968.79 648.67
V 70 968.76 648.66
V 71 968.76 648.63
V 72 968.73 648.60
V 73 968.72 648.57
V 74 968.68 648.53
V 75 968.67 648.49
V 76 968.66 648.47
V 77 968.63 648.44
V 78 968.60 648.39
V 79 968.58 648.33
V 80 968.55 648.30
V 81 968.53 648.25
V 82 968.51 648.22
V 83 968.48 648.13
V 84 968.45 648.10
V 85 968.45 648.09
V 86 968.41 648.00
V 87 968.38 647.97
V 88 968.22 647.55
V 89 968.22 647.53
V 90 968.17 647.41
V 91 968.18 647.38
V 92 968.14 647.29
V 93 968.14 647.27
V 94 968.11 647.20
V 95 968.11 647.16
V 96 968.10 647.13
V 97 968.10 647.10
V 98 968.07 647.04
V 99 968.05 646.91
V 100 968.03 646.84
V 101 968.05 646.86
V 102 968.04 646.83
V 103 968.03 646.79
V 104 968.02 646.77
V 105 968.02 646.71
V 106 968.00 646.67
V 107 968.00 646.63
V 108 967.98 646.54
V 109 967.96 646.39
V 110 960.64 603.59
V 111 919.69 550.22
V 112 927.62 544.13
V 113 969.09 598.17
V 114 969.18 598.27
V 115 969.19 598.29
V 116 969.22 598.32
V 117 969.22 598.34
V 118 969.27 598.39
V 119 969.31 598.44
V 120 969.33 598.46
V 121 969.35 598.49
V 122 969.36 598.51
V 123 969.41 598.57
V 124 969.42 598.59
V 125 969.46 598.65
V 126 969.48 598.66
V 127 969.51 598.72
V 128 969.53 598.74
V 129 969.56 598.79
V 130 969.58 598.82
V 131 969.62 598.88
V 132 969.64 598.90
V 133 969.65 598.92
V 134 969.67 598.95
V 135 969.70 599.01
V 136 969.72 599.05
V 137 969.75 599.09
V 138 969.77 599.15
V 139 969.81 599.21
V 140 969.81 599.23
V 141 969.84 599.26
V 142 969.89 599.37
V 143 969.90 599.41
V 144 969.97 599.54
V 145 969.97 599.57
V 146 970.13 599.95
V 147 970.13 599.98
V 148 970.17 600.11
V 149 970.17 600.14
V 150 970.20 600.20
V 151 970.20 600.23
V 152 970.23 600.29
V 153 970.23 600.32
V 154 970.24 600.35
V 155 970.25 600.41
V 156 970.27 600.48
V 157 970.26 600.51
V 158 970.28 600.53
V 159 970.28 600.55
V 160 970.29 600.60
V 161 970.30 600.65
V 162 970.31 600.69
V 163 970.31 600.76
V 164 970.32 600.78
V 165 970.33 600.84
V 166 970.34 600.87
V 167 970.34 600.94
V 168 977.34 641.90
V 169 1029.34 655.64
V 170 1029.34 655.65
V 171 1052.10 664.37
V 172 1060.55 666.61
E1 0 172
E2 111 112
