V 0 55062.12 6370.23
V 1 55061.66 6370.76
V 2 55030.58 6393.22
V 3 55030.04 6393.76
V 4 55018.76 6407.33
V 5 55018.73 6407.38
V 6 55018.53 6407.58
V 7 55018.48 6407.61
V 8 55018.45 6407.64
V 9 54880.54 6507.42
V 10 54880.00 6507.96
V 11 54800.58 6603.46
V 12 54800.55 6603.51
V 13 54800.35 6603.71
V 14 54800.27 6603.76
V 15 54800.19 6603.82
V 16 54630.23 6727.22
V 17 54629.65 6727.80
V 18 54619.77 6739.69
V 19 54619.74 6739.74
V 20 54619.54 6739.94
V 21 54619.49 6739.97
V 22 54619.46 6740.00
V 23 54481.37 6839.79
V 24 54480.83 6840.33
V 25 54469.63 6853.81
V 26 54469.60 6853.86
V 27 54469.40 6854.06
V 28 54469.35 6854.09
V 29 54469.32 6854.12
V 30 54331.54 6953.71
V 31 54331.00 6954.25
V 32 54251.16 7050.27
V 33 54251.13 7050.32
V 34 54250.93 7050.52
V 35 54250.85 7050.57
V 36 54250.77 7050.63
V 37 54250.75 7050.64
V 38 54194.37 7088.60
V 39 54193.65 7089.32
V 40 54187.48 7098.05
V 41 54187.42 7098.14
V 42 54187.22 7098.34
V 43 54187.14 7098.39
V 44 54187.09 7098.43
V 45 54146.74 7125.32
V 46 54145.99 7126.07
V 47 54137.46 7138.13
V 48 54137.40 7138.22
V 49 54137.20 7138.42
V 50 54137.12 7138.47
V 51 54137.07 7138.51
V 52 54097.07 7165.18
V 53 54096.35 7165.90
V 54 54087.78 7178.03
V 55 54087.75 7178.06
V 56 54087.71 7178.12
V 57 54087.51 7178.32
V 58 54087.43 7178.37
V 59 54087.38 7178.41
V 60 54047.72 7204.84
V 61 54047.00 7205.56
V 62 54038.44 7217.68
V 63 54038.41 7217.71
V 64 54038.37 7217.77
V 65 54038.17 7217.97
V 66 54038.09 7218.02
V 67 54038.04 7218.06
V 68 53997.72 7244.93
V 69 53996.97 7245.68
V 70 53988.50 7257.66
V 71 53988.44 7257.75
V 72 53988.24 7257.95
V 73 53988.16 7258.00
V 74 53988.11 7258.04
V 75 53947.85 7284.87
V 76 53947.13 7285.59
V 77 53938.58 7297.70
V 78 53938.55 7297.73
V 79 53938.51 7297.79
V 80 53938.31 7297.99
V 81 53938.23 7298.04
V 82 53938.18 7298.08
V 83 53898.44 7324.56
V 84 53897.69 7325.31
V 85 53889.06 7337.52
V 86 53889.00 7337.61
V 87 53888.80 7337.81
V 88 53888.72 7337.86
V 89 53888.67 7337.90
V 90 53848.71 7364.53
V 91 53847.96 7365.28
V 92 53839.42 7377.36
V 93 53839.36 7377.45
V 94 53839.16 7377.65
V 95 53839.08 7377.70
V 96 53839.03 7377.74
V 97 53799.03 7404.40
V 98 53798.31 7405.12
V 99 53701.58 7542.06
V 100 53701.51 7542.15
V 101 53701.31 7542.35
V 102 53595.14 7647.09
V 103 53594.75 7647.68
V 104 53586.59 7662.68
V 105 53586.56 7662.72
V 106 53586.54 7662.76
V 107 53586.48 7662.84
V 108 53586.43 7662.92
V 109 53586.23 7663.12
V 110 53546.66 7702.15
V 111 53546.21 7702.81
V 112 53538.06 7717.83
V 113 53538.03 7717.87
V 114 53538.01 7717.91
V 115 53537.95 7717.99
V 116 53537.90 7718.07
V 117 53537.70 7718.27
V 118 53498.29 7757.16
V 119 53497.90 7757.75
V 120 53489.75 7772.72
V 121 53489.72 7772.76
V 122 53489.70 7772.80
V 123 53489.64 7772.88
V 124 53489.59 7772.96
V 125 53489.39 7773.16
V 126 53469.02 7793.25
V 127 53468.98 7793.28
V 128 53336.09 7902.62
V 129 53336.04 7902.67
V 130 53335.42 7903.27
V 131 53241.74 8046.94
V 132 53241.71 8046.97
V 133 53241.64 8047.08
V 134 53241.44 8047.28
V 135 53241.39 8047.31
V 136 53035.92 8222.37
V 137 53035.19 8223.11
V 138 52947.32 8357.12
V 139 52947.30 8357.16
V 140 52947.24 8357.24
V 141 52947.19 8357.32
V 142 52946.99 8357.52
V 143 52946.94 8357.54
V 144 52741.84 8531.44
V 145 52741.20 8532.08
V 146 52613.22 8727.54
V 147 52613.20 8727.59
V 148 52613.14 8727.67
V 149 52613.09 8727.75
V 150 52569.38 8771.70
V 151 52506.49 8865.08
V 152 52506.48 8865.10
V 153 52506.42 8865.18
V 154 52506.37 8865.26
V 155 52506.17 8865.45
V 156 52506.12 8865.49
V 157 52300.04 9040.31
V 158 52299.39 9040.95
V 159 52173.86 9232.56
V 160 52173.84 9232.60
V 161 52173.78 9232.68
V 162 52173.73 9232.76
V 163 52129.46 9277.28
V 164 52033.94 9419.17
V 165 52033.93 9419.19
V 166 52033.87 9419.27
V 167 52033.82 9419.35
V 168 52033.62 9419.54
V 169 51995.57 9454.41
V 170 51995.08 9454.90
V 171 51935.43 9544.81
V 172 51935.41 9544.83
V 173 51935.36 9544.91
V 174 51935.16 9545.11
V 175 51849.27 9629.98
V 176 51848.82 9630.64
V 177 51840.93 9645.18
V 178 51840.90 9645.21
V 179 51840.88 9645.26
V 180 51840.82 9645.34
V 181 51840.77 9645.42
V 182 51840.57 9645.62
V 183 51801.09 9684.56
V 184 51800.64 9685.21
V 185 51792.52 9700.18
V 186 51792.49 9700.21
V 187 51792.47 9700.26
V 188 51792.41 9700.34
V 189 51792.36 9700.42
V 190 51792.16 9700.62
V 191 51752.71 9739.54
V 192 51752.32 9740.12
V 193 51744.16 9755.12
V 194 51744.13 9755.16
V 195 51744.11 9755.20
V 196 51744.05 9755.28
V 197 51744.00 9755.36
V 198 51743.80 9755.56
V 199 51703.99 9794.83
V 200 51703.51 9795.53
V 201 51695.46 9810.37
V 202 51695.43 9810.44
V 203 51695.38 9810.53
V 204 51695.32 9810.61
V 205 51695.27 9810.69
V 206 51695.07 9810.89
V 207 51655.70 9849.71
V 208 51655.31 9850.31
V 209 51647.16 9865.29
V 210 51647.13 9865.33
V 211 51647.11 9865.37
V 212 51647.05 9865.45
V 213 51647.00 9865.53
V 214 51646.80 9865.73
V 215 51607.12 9904.89
V 216 51606.67 9905.54
V 217 51598.58 9920.45
V 218 51598.55 9920.49
V 219 51598.53 9920.53
V 220 51598.47 9920.61
V 221 51598.42 9920.69
V 222 51598.22 9920.89
V 223 51558.51 9960.07
V 224 51558.06 9960.73
V 225 51549.97 9975.64
V 226 51549.94 9975.68
V 227 51549.92 9975.71
V 228 51549.86 9975.79
V 229 51549.81 9975.87
V 230 51549.61 9976.08
V 231 51510.24 10014.93
V 232 51509.85 10015.52
V 233 51501.70 10030.50
V 234 51501.67 10030.54
V 235 51501.65 10030.58
V 236 51501.59 10030.66
V 237 51501.54 10030.74
V 238 51501.34 10030.94
V 239 51461.65 10070.10
V 240 51461.19 10070.76
V 241 51442.89 10104.45
V 242 51442.85 10104.50
V 243 51442.84 10104.53
V 244 51442.79 10104.60
V 245 51442.77 10104.62
V 246 51442.73 10104.69
V 247 51442.69 10104.73
V 248 51294.83 10297.67
V 249 51294.30 10298.54
V 250 51277.81 10339.78
V 251 51277.80 10339.79
V 252 51277.78 10339.86
V 253 51277.73 10339.94
V 254 51277.69 10340.02
V 255 51277.66 10340.06
V 256 51277.65 10340.08
V 257 51239.22 10395.28
V 258 51238.84 10395.92
V 259 51231.00 10415.37
V 260 51230.99 10415.40
V 261 51230.97 10415.45
V 262 51230.92 10415.54
V 263 51230.88 10415.62
V 264 51230.85 10415.66
V 265 51230.84 10415.68
V 266 51191.64 10472.02
V 267 51191.26 10472.66
V 268 51183.45 10492.05
V 269 51183.44 10492.07
V 270 51183.42 10492.13
V 271 51183.37 10492.21
V 272 51183.33 10492.29
V 273 51183.30 10492.33
V 274 51183.29 10492.35
V 275 51144.13 10548.62
V 276 51143.75 10549.26
V 277 51135.94 10568.63
V 278 51135.93 10568.65
V 279 51135.91 10568.71
V 280 51135.86 10568.79
V 281 51135.82 10568.87
V 282 51135.79 10568.91
V 283 51135.78 10568.93
V 284 51096.52 10625.36
V 285 51096.14 10626.00
V 286 51088.34 10645.37
V 287 51088.33 10645.39
V 288 51088.31 10645.45
V 289 51088.26 10645.53
V 290 51088.22 10645.61
V 291 51088.19 10645.65
V 292 51088.18 10645.67
V 293 51048.98 10701.99
V 294 51048.60 10702.63
V 295 51040.77 10722.05
V 296 51040.76 10722.07
V 297 51040.74 10722.13
V 298 51040.69 10722.21
V 299 51040.65 10722.29
V 300 51040.62 10722.33
V 301 51040.61 10722.35
V 302 51001.45 10778.62
V 303 51001.07 10779.26
V 304 50993.26 10798.64
V 305 50993.25 10798.66
V 306 50993.23 10798.72
V 307 50993.18 10798.80
V 308 50993.14 10798.88
V 309 50993.11 10798.92
V 310 50993.10 10798.94
V 311 50953.84 10855.36
V 312 50953.46 10856.00
V 313 50945.66 10875.37
V 314 50945.65 10875.39
V 315 50945.63 10875.45
V 316 50945.58 10875.53
V 317 50945.54 10875.61
V 318 50945.51 10875.65
V 319 50945.50 10875.67
V 320 50929.64 10898.47
V 321 50929.60 10898.53
V 322 50929.57 10898.57
V 323 50929.54 10898.60
V 324 50898.66 10937.17
V 325 50884.82 10963.49
V 326 50884.78 10963.55
V 327 50884.76 10963.59
V 328 50884.70 10963.67
V 329 50884.65 10963.75
V 330 50884.62 10963.78
V 331 50750.32 11139.80
V 332 50705.05 11225.46
V 333 50669.00 11296.85
V 334 50668.97 11296.89
V 335 50668.93 11296.97
V 336 50668.91 11296.99
V 337 50648.96 11333.14
V 338 50618.07 11404.43
V 339 50618.05 11404.47
V 340 50617.99 11404.56
V 341 50617.96 11404.63
V 342 50576.91 11463.68
V 343 50576.59 11464.22
V 344 50572.03 11475.05
V 345 50572.01 11475.11
V 346 50571.96 11475.19
V 347 50571.92 11475.27
V 348 50571.86 11475.35
V 349 50571.81 11475.43
V 350 50571.78 11475.46
V 351 50465.87 11607.65
V 352 50452.34 11633.37
V 353 50452.30 11633.43
V 354 50452.28 11633.47
V 355 50452.22 11633.55
V 356 50452.17 11633.63
V 357 50452.14 11633.66
V 358 50318.04 11809.24
V 359 50245.18 11947.11
V 360 50244.93 11947.71
V 361 50221.29 12028.70
V 362 50221.28 12028.74
V 363 50221.24 12028.83
V 364 50221.21 12028.92
V 365 50221.16 12029.00
V 366 50221.12 12029.08
V 367 50221.06 12029.16
V 368 50221.04 12029.20
V 369 50221.02 12029.22
V 370 50221.01 12029.24
V 371 50220.99 12029.26
V 372 50176.49 12085.48
V 373 50134.52 12165.23
V 374 50098.49 12236.59
V 375 50051.24 12318.93
V 376 50051.22 12318.97
V 377 50051.20 12319.00
V 378 50051.17 12319.04
V 379 50002.70 12388.71
V 380 50002.32 12389.35
V 381 49994.51 12408.71
V 382 49994.50 12408.73
V 383 49994.48 12408.79
V 384 49994.43 12408.87
V 385 49994.39 12408.95
V 386 49994.36 12408.99
V 387 49994.35 12409.01
V 388 49955.11 12465.41
V 389 49954.73 12466.05
V 390 49947.56 12483.84
V 391 49947.53 12483.92
V 392 49947.48 12484.00
V 393 49947.44 12484.08
V 394 49947.38 12484.16
V 395 49947.33 12484.24
V 396 49947.28 12484.29
V 397 49884.31 12569.22
V 398 49884.25 12569.31
V 399 49884.13 12569.43
V 400 49883.62 12570.21
V 401 49853.06 12627.86
V 402 49853.00 12627.96
V 403 49813.70 12701.86
V 404 49813.69 12701.90
V 405 49813.64 12701.98
V 406 49813.60 12702.06
V 407 49764.86 12772.11
V 408 49764.48 12772.75
V 409 49756.68 12792.11
V 410 49756.67 12792.13
V 411 49756.65 12792.19
V 412 49756.60 12792.27
V 413 49756.56 12792.35
V 414 49756.53 12792.39
V 415 49756.52 12792.41
V 416 49717.30 12848.77
V 417 49716.92 12849.41
V 418 49709.12 12868.77
V 419 49709.11 12868.79
V 420 49709.09 12868.85
V 421 49709.04 12868.93
V 422 49709.00 12869.01
V 423 49708.97 12869.05
V 424 49708.96 12869.07
V 425 49669.75 12925.42
V 426 49669.37 12926.06
V 427 49661.56 12945.44
V 428 49661.55 12945.46
V 429 49661.53 12945.52
V 430 49661.48 12945.60
V 431 49661.44 12945.68
V 432 49661.41 12945.72
V 433 49661.40 12945.74
V 434 49622.20 13002.09
V 435 49621.82 13002.73
V 436 49614.01 13022.12
V 437 49614.00 13022.14
V 438 49613.98 13022.20
V 439 49613.93 13022.28
V 440 49613.89 13022.36
V 441 49613.86 13022.40
V 442 49613.85 13022.42
V 443 49574.67 13078.72
V 444 49574.29 13079.36
V 445 49566.48 13098.73
V 446 49566.47 13098.75
V 447 49566.45 13098.81
V 448 49566.40 13098.89
V 449 49566.36 13098.97
V 450 49566.33 13099.01
V 451 49566.32 13099.03
V 452 49538.38 13139.17
V 453 49452.38 13300.04
V 454 49452.38 13300.06
V 455 49452.11 13300.68
V 456 49440.03 13344.41
V 457 49440.01 13344.45
V 458 49440.01 13344.47
V 459 49439.98 13344.54
V 460 49439.96 13344.58
V 461 49439.94 13344.65
V 462 49439.92 13344.68
V 463 49400.97 13429.62
V 464 49393.39 13456.85
V 465 49393.36 13456.97
V 466 49393.32 13457.06
V 467 49393.29 13457.15
V 468 49393.26 13457.20
V 469 49354.09 13542.67
V 470 49346.50 13569.90
V 471 49346.47 13570.02
V 472 49346.43 13570.11
V 473 49346.40 13570.20
V 474 49346.37 13570.25
V 475 49307.22 13655.68
V 476 49299.61 13683.02
V 477 49299.60 13683.06
V 478 49299.55 13683.17
V 479 49299.52 13683.26
V 480 49299.49 13683.32
V 481 49260.36 13768.67
V 482 49252.76 13795.99
V 483 49252.74 13796.03
V 484 49252.74 13796.05
V 485 49252.71 13796.12
V 486 49252.69 13796.16
V 487 49252.67 13796.23
V 488 49252.65 13796.26
V 489 49213.46 13881.74
V 490 49205.88 13908.96
V 491 49205.85 13909.08
V 492 49205.81 13909.17
V 493 49205.78 13909.26
V 494 49205.75 13909.31
V 495 49166.59 13994.76
V 496 49159.00 14021.99
V 497 49158.97 14022.11
V 498 49158.93 14022.20
V 499 49158.90 14022.29
V 500 49158.87 14022.34
V 501 49119.71 14107.80
V 502 49112.13 14135.01
V 503 49112.10 14135.13
V 504 49112.06 14135.22
V 505 49112.03 14135.31
V 506 49112.00 14135.36
V 507 49072.86 14220.77
V 508 49065.27 14248.06
V 509 49065.25 14248.10
V 510 49065.25 14248.12
V 511 49065.22 14248.19
V 512 49065.20 14248.23
V 513 49065.18 14248.30
V 514 49065.16 14248.33
V 515 49043.67 14295.20
V 516 49043.66 14295.24
V 517 49043.63 14295.28
V 518 48991.41 14399.42
V 519 48973.75 14444.11
V 520 48973.69 14444.25
V 521 48973.61 14444.38
V 522 48973.54 14444.47
V 523 48927.00 14579.08
V 524 48924.86 14586.65
V 525 48924.82 14586.74
V 526 48924.79 14586.83
V 527 48924.76 14586.88
V 528 48885.33 14672.93
V 529 48877.75 14700.14
V 530 48877.72 14700.26
V 531 48877.68 14700.35
V 532 48877.65 14700.44
V 533 48877.63 14700.47
V 534 48843.18 14775.62
V 535 48834.19 14802.01
V 536 48834.13 14802.18
V 537 48790.58 14902.71
V 538 48784.07 14926.04
V 539 48784.04 14926.16
V 540 48784.00 14926.25
V 541 48783.97 14926.34
V 542 48783.94 14926.39
V 543 48744.70 15012.02
V 544 48737.11 15039.25
V 545 48737.08 15039.37
V 546 48737.04 15039.46
V 547 48737.01 15039.55
V 548 48736.98 15039.60
V 549 48697.83 15125.03
V 550 48690.22 15152.37
V 551 48690.21 15152.41
V 552 48690.16 15152.52
V 553 48690.13 15152.61
V 554 48690.10 15152.66
V 555 48650.97 15238.03
V 556 48643.38 15265.32
V 557 48643.37 15265.36
V 558 48643.32 15265.47
V 559 48643.29 15265.56
V 560 48643.26 15265.61
V 561 48604.10 15351.04
V 562 48596.51 15378.33
V 563 48596.50 15378.37
V 564 48596.45 15378.48
V 565 48596.42 15378.57
V 566 48596.39 15378.63
V 567 48557.22 15464.07
V 568 48549.63 15491.36
V 569 48549.61 15491.40
V 570 48549.61 15491.42
V 571 48549.58 15491.49
V 572 48549.56 15491.53
V 573 48549.54 15491.60
V 574 48549.52 15491.63
V 575 48510.34 15577.12
V 576 48502.73 15604.43
V 577 48502.72 15604.47
V 578 48502.67 15604.58
V 579 48502.64 15604.67
V 580 48502.61 15604.72
V 581 48463.43 15690.21
V 582 48455.84 15717.44
V 583 48455.81 15717.56
V 584 48455.77 15717.65
V 585 48455.74 15717.74
V 586 48455.71 15717.79
V 587 48416.57 15803.20
V 588 48408.98 15830.45
V 589 48408.95 15830.57
V 590 48408.91 15830.66
V 591 48408.88 15830.75
V 592 48408.86 15830.78
V 593 48369.67 15916.28
V 594 48362.10 15943.47
V 595 48362.07 15943.59
V 596 48362.03 15943.68
V 597 48362.00 15943.77
V 598 48361.97 15943.82
V 599 48322.84 16029.21
V 600 48315.25 16056.50
V 601 48315.24 16056.54
V 602 48315.19 16056.65
V 603 48315.16 16056.74
V 604 48315.13 16056.80
V 605 48275.93 16142.32
V 606 48268.35 16169.52
V 607 48268.32 16169.64
V 608 48268.28 16169.73
V 609 48268.25 16169.82
V 610 48268.23 16169.85
V 611 48229.08 16255.28
V 612 48221.46 16282.63
V 613 48221.45 16282.67
V 614 48221.40 16282.78
V 615 48221.37 16282.87
V 616 48221.34 16282.93
V 617 48182.21 16368.28
V 618 48174.62 16395.56
V 619 48174.61 16395.59
V 620 48174.56 16395.71
V 621 48174.53 16395.80
V 622 48174.50 16395.84
V 623 48131.08 16490.59
V 624 48130.89 16491.34
V 625 48120.25 16551.04
V 626 48120.22 16551.16
V 627 48120.21 16551.22
V 628 48120.20 16551.25
V 629 48080.90 16701.33
V 630 48073.47 16746.68
V 631 48073.47 16746.72
V 632 48073.46 16746.75
V 633 48073.46 16746.77
V 634 48073.43 16746.91
V 635 48073.42 16746.97
V 636 48073.41 16747.00
V 637 48034.48 16895.68
V 638 48027.04 16941.05
V 639 48027.04 16941.08
V 640 48027.03 16941.11
V 641 48027.03 16941.13
V 642 48027.00 16941.27
V 643 48026.99 16941.33
V 644 48026.98 16941.36
V 645 47988.05 17090.04
V 646 47980.60 17135.46
V 647 47980.60 17135.49
V 648 47980.59 17135.52
V 649 47980.59 17135.54
V 650 47980.56 17135.68
V 651 47980.55 17135.74
V 652 47980.54 17135.77
V 653 47941.62 17284.40
V 654 47934.18 17329.75
V 655 47934.18 17329.79
V 656 47934.17 17329.82
V 657 47934.17 17329.84
V 658 47934.14 17329.98
V 659 47934.13 17330.04
V 660 47934.12 17330.07
V 661 47895.19 17478.75
V 662 47887.75 17524.12
V 663 47887.75 17524.15
V 664 47887.74 17524.18
V 665 47887.74 17524.20
V 666 47887.71 17524.34
V 667 47887.70 17524.40
V 668 47887.69 17524.43
V 669 47848.76 17673.11
V 670 47841.32 17718.54
V 671 47841.32 17718.57
V 672 47841.31 17718.59
V 673 47841.31 17718.62
V 674 47841.28 17718.75
V 675 47841.27 17718.82
V 676 47841.26 17718.84
V 677 47802.33 17867.46
V 678 47794.90 17912.83
V 679 47794.90 17912.86
V 680 47794.89 17912.89
V 681 47794.89 17912.91
V 682 47794.86 17913.05
V 683 47794.85 17913.11
V 684 47794.84 17913.14
V 685 47755.90 18061.82
V 686 47748.47 18107.18
V 687 47748.47 18107.21
V 688 47748.46 18107.24
V 689 47748.46 18107.25
V 690 47748.43 18107.40
V 691 47748.42 18107.46
V 692 47748.41 18107.49
V 693 47709.46 18256.22
V 694 47702.04 18301.54
V 695 47702.04 18301.57
V 696 47702.03 18301.59
V 697 47702.03 18301.62
V 698 47702.00 18301.75
V 699 47701.99 18301.82
V 700 47701.98 18301.84
V 701 47663.05 18450.54
V 702 47655.61 18495.90
V 703 47655.61 18495.93
V 704 47655.60 18495.96
V 705 47655.60 18495.98
V 706 47655.57 18496.12
V 707 47655.56 18496.18
V 708 47655.55 18496.21
V 709 47616.62 18644.89
V 710 47609.17 18690.32
V 711 47609.17 18690.34
V 712 47609.16 18690.38
V 713 47609.16 18690.40
V 714 47609.13 18690.54
V 715 47609.12 18690.59
V 716 47609.11 18690.63
V 717 47570.19 18839.24
V 718 47562.75 18884.61
V 719 47562.75 18884.64
V 720 47562.74 18884.66
V 721 47562.74 18884.68
V 722 47562.71 18884.83
V 723 47562.70 18884.89
V 724 47562.69 18884.91
V 725 47523.76 19033.59
V 726 47516.32 19078.97
V 727 47516.32 19079.00
V 728 47516.31 19079.03
V 729 47516.31 19079.05
V 730 47516.28 19079.18
V 731 47516.27 19079.25
V 732 47516.26 19079.28
V 733 47477.33 19227.96
V 734 47469.90 19273.32
V 735 47469.90 19273.34
V 736 47469.89 19273.38
V 737 47469.89 19273.40
V 738 47469.86 19273.54
V 739 47469.85 19273.59
V 740 47469.84 19273.63
V 741 47430.90 19422.31
V 742 47423.47 19467.68
V 743 47423.47 19467.71
V 744 47423.46 19467.74
V 745 47423.46 19467.75
V 746 47423.43 19467.90
V 747 47423.42 19467.96
V 748 47423.41 19467.99
V 749 47384.47 19616.66
V 750 47377.04 19662.03
V 751 47377.04 19662.06
V 752 47377.03 19662.09
V 753 47377.03 19662.11
V 754 47377.00 19662.25
V 755 47376.99 19662.31
V 756 47376.98 19662.34
V 757 47338.04 19811.03
V 758 47320.95 19915.47
V 759 47320.95 19915.50
V 760 47320.94 19915.53
V 761 47291.60 20213.50
V 762 47291.60 20213.55
V 763 47291.58 21043.98
V 764 47288.58 21043.98
V 765 47288.60 20213.46
V 766 47288.60 20213.37
V 767 47288.61 20213.27
V 768 47288.62 20213.24
V 769 47317.96 19915.25
V 770 47317.96 19915.22
V 771 47317.97 19915.12
V 772 47317.98 19915.07
V 773 47335.08 19810.56
V 774 47335.08 19810.53
V 775 47335.09 19810.50
V 776 47335.09 19810.48
V 777 47335.12 19810.34
V 778 47335.13 19810.28
V 779 47335.14 19810.25
V 780 47374.08 19661.56
V 781 47381.51 19616.20
V 782 47381.51 19616.16
V 783 47381.52 19616.14
V 784 47381.52 19616.12
V 785 47381.55 19615.98
V 786 47381.56 19615.91
V 787 47381.57 19615.89
V 788 47420.51 19467.21
V 789 47427.94 19421.84
V 790 47427.94 19421.81
V 791 47427.95 19421.78
V 792 47427.95 19421.75
V 793 47427.98 19421.62
V 794 47427.99 19421.56
V 795 47428.00 19421.53
V 796 47466.94 19272.84
V 797 47474.37 19227.49
V 798 47474.37 19227.46
V 799 47474.38 19227.43
V 800 47474.38 19227.41
V 801 47474.41 19227.27
V 802 47474.42 19227.21
V 803 47474.43 19227.18
V 804 47513.36 19078.50
V 805 47520.80 19033.13
V 806 47520.80 19033.09
V 807 47520.81 19033.07
V 808 47520.81 19033.05
V 809 47520.84 19032.91
V 810 47520.85 19032.84
V 811 47520.86 19032.82
V 812 47559.79 18884.14
V 813 47567.23 18838.77
V 814 47567.23 18838.74
V 815 47567.24 18838.71
V 816 47567.24 18838.68
V 817 47567.27 18838.55
V 818 47567.28 18838.49
V 819 47567.29 18838.46
V 820 47606.21 18689.84
V 821 47613.66 18644.41
V 822 47613.66 18644.39
V 823 47613.67 18644.36
V 824 47613.67 18644.34
V 825 47613.70 18644.20
V 826 47613.71 18644.14
V 827 47613.72 18644.11
V 828 47652.65 18495.43
V 829 47660.09 18450.07
V 830 47660.09 18450.04
V 831 47660.10 18450.00
V 832 47660.10 18449.99
V 833 47660.13 18449.84
V 834 47660.14 18449.79
V 835 47660.15 18449.75
V 836 47699.08 18301.07
V 837 47706.50 18255.75
V 838 47706.50 18255.72
V 839 47706.51 18255.68
V 840 47706.51 18255.66
V 841 47706.54 18255.53
V 842 47706.55 18255.47
V 843 47706.56 18255.43
V 844 47745.51 18106.71
V 845 47752.94 18061.34
V 846 47752.94 18061.32
V 847 47752.95 18061.29
V 848 47752.95 18061.27
V 849 47752.98 18061.13
V 850 47752.99 18061.07
V 851 47753.00 18061.04
V 852 47791.94 17912.36
V 853 47799.37 17866.99
V 854 47799.37 17866.96
V 855 47799.38 17866.93
V 856 47799.38 17866.91
V 857 47799.41 17866.77
V 858 47799.42 17866.71
V 859 47799.43 17866.68
V 860 47838.36 17718.07
V 861 47845.80 17672.64
V 862 47845.80 17672.61
V 863 47845.81 17672.58
V 864 47845.81 17672.56
V 865 47845.84 17672.41
V 866 47845.85 17672.36
V 867 47845.86 17672.33
V 868 47884.79 17523.65
V 869 47892.23 17478.28
V 870 47892.23 17478.25
V 871 47892.24 17478.22
V 872 47892.24 17478.20
V 873 47892.27 17478.06
V 874 47892.28 17478.00
V 875 47892.29 17477.97
V 876 47931.22 17329.29
V 877 47938.66 17283.93
V 878 47938.66 17283.90
V 879 47938.67 17283.87
V 880 47938.67 17283.84
V 881 47938.70 17283.71
V 882 47938.71 17283.65
V 883 47938.72 17283.62
V 884 47977.64 17134.99
V 885 47985.09 17089.57
V 886 47985.09 17089.54
V 887 47985.10 17089.50
V 888 47985.10 17089.49
V 889 47985.13 17089.34
V 890 47985.14 17089.29
V 891 47985.15 17089.25
V 892 48024.08 16940.58
V 893 48031.52 16895.22
V 894 48031.52 16895.18
V 895 48031.53 16895.16
V 896 48031.53 16895.14
V 897 48031.56 16895.00
V 898 48031.57 16894.93
V 899 48031.58 16894.91
V 900 48070.51 16746.22
V 901 48077.94 16700.86
V 902 48077.94 16700.83
V 903 48077.95 16700.80
V 904 48077.95 16700.78
V 905 48077.98 16700.64
V 906 48077.99 16700.58
V 907 48078.00 16700.55
V 908 48117.29 16550.50
V 909 48127.78 16491.64
V 910 48110.97 16491.64
V 911 48110.87 16491.63
V 912 48110.84 16491.62
V 913 47812.86 16462.28
V 914 47812.82 16462.28
V 915 47812.72 16462.27
V 916 47812.67 16462.25
V 917 47708.16 16445.16
V 918 47708.13 16445.16
V 919 47708.10 16445.15
V 920 47708.08 16445.15
V 921 47707.94 16445.12
V 922 47707.88 16445.11
V 923 47707.85 16445.09
V 924 47559.16 16406.16
V 925 47513.80 16398.73
V 926 47513.77 16398.73
V 927 47513.74 16398.72
V 928 47513.72 16398.72
V 929 47513.58 16398.68
V 930 47513.52 16398.68
V 931 47513.49 16398.66
V 932 47364.81 16359.73
V 933 47319.44 16352.30
V 934 47319.41 16352.30
V 935 47319.38 16352.29
V 936 47319.36 16352.29
V 937 47319.22 16352.26
V 938 47319.16 16352.25
V 939 47319.13 16352.24
V 940 47170.45 16313.30
V 941 47125.09 16305.87
V 942 47125.06 16305.87
V 943 47125.03 16305.86
V 944 47125.01 16305.86
V 945 47124.87 16305.83
V 946 47124.81 16305.82
V 947 47124.78 16305.81
V 948 46976.10 16266.88
V 949 46930.73 16259.44
V 950 46930.70 16259.44
V 951 46930.67 16259.43
V 952 46930.65 16259.43
V 953 46930.51 16259.40
V 954 46930.45 16259.39
V 955 46930.42 16259.38
V 956 46781.74 16220.45
V 957 46736.37 16213.01
V 958 46736.34 16213.01
V 959 46736.31 16213.00
V 960 46736.29 16213.00
V 961 46736.15 16212.97
V 962 46736.09 16212.96
V 963 46736.06 16212.95
V 964 46587.45 16174.03
V 965 46542.02 16166.58
V 966 46541.99 16166.58
V 967 46541.96 16166.57
V 968 46541.94 16166.57
V 969 46541.80 16166.54
V 970 46541.74 16166.53
V 971 46541.71 16166.52
V 972 46393.03 16127.59
V 973 46347.67 16120.15
V 974 46347.64 16120.15
V 975 46347.61 16120.14
V 976 46347.59 16120.14
V 977 46347.45 16120.11
V 978 46347.39 16120.10
V 979 46347.36 16120.09
V 980 46198.67 16081.16
V 981 46153.35 16073.74
V 982 46153.32 16073.74
V 983 46153.29 16073.73
V 984 46153.27 16073.73
V 985 46153.13 16073.70
V 986 46153.07 16073.69
V 987 46153.04 16073.68
V 988 46004.31 16034.73
V 989 45958.95 16027.30
V 990 45958.92 16027.30
V 991 45958.89 16027.29
V 992 45958.87 16027.29
V 993 45958.73 16027.26
V 994 45958.67 16027.25
V 995 45958.64 16027.24
V 996 45809.96 15988.30
V 997 45764.59 15980.87
V 998 45764.56 15980.87
V 999 45764.53 15980.86
V 1000 45764.51 15980.86
V 1001 45764.37 15980.83
V 1002 45764.31 15980.82
V 1003 45764.28 15980.81
V 1004 45615.67 15941.88
V 1005 45570.24 15934.44
V 1006 45570.21 15934.44
V 1007 45570.18 15934.43
V 1008 45570.16 15934.43
V 1009 45570.02 15934.40
V 1010 45569.96 15934.39
V 1011 45569.93 15934.38
V 1012 45421.25 15895.45
V 1013 45375.88 15888.01
V 1014 45375.85 15888.01
V 1015 45375.82 15888.00
V 1016 45375.80 15888.00
V 1017 45375.66 15887.97
V 1018 45375.60 15887.96
V 1019 45375.57 15887.95
V 1020 45226.89 15849.02
V 1021 45181.53 15841.58
V 1022 45181.50 15841.58
V 1023 45181.47 15841.57
V 1024 45181.45 15841.57
V 1025 45181.31 15841.54
V 1026 45181.25 15841.53
V 1027 45181.22 15841.52
V 1028 45032.59 15802.60
V 1029 44987.17 15795.15
V 1030 44987.14 15795.15
V 1031 44987.11 15795.14
V 1032 44987.09 15795.14
V 1033 44986.95 15795.11
V 1034 44986.89 15795.10
V 1035 44986.86 15795.09
V 1036 44838.18 15756.16
V 1037 44792.82 15748.72
V 1038 44792.79 15748.72
V 1039 44792.76 15748.71
V 1040 44792.74 15748.71
V 1041 44792.60 15748.68
V 1042 44792.54 15748.67
V 1043 44792.51 15748.66
V 1044 44643.82 15709.73
V 1045 44598.46 15702.30
V 1046 44598.43 15702.30
V 1047 44598.40 15702.29
V 1048 44598.38 15702.29
V 1049 44598.24 15702.26
V 1050 44598.18 15702.25
V 1051 44598.15 15702.24
V 1052 44448.10 15662.95
V 1053 44388.36 15652.30
V 1054 44388.26 15652.28
V 1055 44387.38 15652.06
V 1056 44387.25 15652.02
V 1057 44387.13 15651.96
V 1058 44387.04 15651.93
V 1059 44387.01 15651.91
V 1060 44292.30 15608.50
V 1061 44265.02 15600.91
V 1062 44264.98 15600.90
V 1063 44264.87 15600.85
V 1064 44264.78 15600.82
V 1065 44264.72 15600.79
V 1066 44179.37 15561.66
V 1067 44151.99 15554.04
V 1068 44151.95 15554.02
V 1069 44151.93 15554.02
V 1070 44151.86 15553.99
V 1071 44151.82 15553.97
V 1072 44151.75 15553.95
V 1073 44151.72 15553.93
V 1074 44066.24 15514.75
V 1075 44039.06 15507.18
V 1076 44038.94 15507.15
V 1077 44038.85 15507.11
V 1078 44038.76 15507.08
V 1079 44038.70 15507.05
V 1080 43953.24 15467.87
V 1081 43925.95 15460.28
V 1082 43925.91 15460.27
V 1083 43925.80 15460.22
V 1084 43925.71 15460.19
V 1085 43925.66 15460.16
V 1086 43840.21 15421.01
V 1087 43813.00 15413.43
V 1088 43812.88 15413.40
V 1089 43812.79 15413.36
V 1090 43812.70 15413.33
V 1091 43812.67 15413.31
V 1092 43727.17 15374.12
V 1093 43699.94 15366.54
V 1094 43699.82 15366.51
V 1095 43699.73 15366.47
V 1096 43699.64 15366.44
V 1097 43699.59 15366.41
V 1098 43614.18 15327.27
V 1099 43586.95 15319.68
V 1100 43586.83 15319.65
V 1101 43586.74 15319.61
V 1102 43586.65 15319.58
V 1103 43586.60 15319.55
V 1104 43501.17 15280.39
V 1105 43473.83 15272.78
V 1106 43473.79 15272.76
V 1107 43473.77 15272.76
V 1108 43473.70 15272.73
V 1109 43473.66 15272.71
V 1110 43473.59 15272.69
V 1111 43473.56 15272.67
V 1112 43388.07 15233.49
V 1113 43360.81 15225.90
V 1114 43360.77 15225.89
V 1115 43360.66 15225.84
V 1116 43360.57 15225.81
V 1117 43360.51 15225.78
V 1118 43275.07 15186.61
V 1119 43247.78 15179.02
V 1120 43247.74 15179.01
V 1121 43247.63 15178.96
V 1122 43247.54 15178.93
V 1123 43247.49 15178.90
V 1124 43162.06 15139.74
V 1125 43134.77 15132.15
V 1126 43134.73 15132.14
V 1127 43134.62 15132.09
V 1128 43134.53 15132.06
V 1129 43134.48 15132.03
V 1130 43049.11 15092.90
V 1131 43021.77 15085.29
V 1132 43021.73 15085.28
V 1133 43021.62 15085.23
V 1134 43021.53 15085.20
V 1135 43021.48 15085.17
V 1136 42935.99 15046.00
V 1137 42908.76 15038.41
V 1138 42908.64 15038.38
V 1139 42908.55 15038.34
V 1140 42908.46 15038.31
V 1141 42908.41 15038.28
V 1142 42822.78 14999.04
V 1143 42799.40 14992.51
V 1144 42799.28 14992.48
V 1145 42799.22 14992.46
V 1146 42799.14 14992.43
V 1147 42698.58 14948.87
V 1148 42672.21 14939.88
V 1149 42672.17 14939.86
V 1150 42672.09 14939.83
V 1151 42672.03 14939.81
V 1152 42672.00 14939.79
V 1153 42596.86 14905.35
V 1154 42569.67 14897.78
V 1155 42569.55 14897.75
V 1156 42569.46 14897.71
V 1157 42569.37 14897.68
V 1158 42569.32 14897.65
V 1159 42483.29 14858.22
V 1160 42475.73 14856.09
V 1161 42340.79 14809.43
V 1162 42340.63 14809.37
V 1163 42340.48 14809.28
V 1164 42340.34 14809.19
V 1165 42295.92 14791.63
V 1166 42295.86 14791.60
V 1167 42295.83 14791.59
V 1168 42295.79 14791.56
V 1169 42191.59 14739.31
V 1170 42191.56 14739.30
V 1171 42191.53 14739.28
V 1172 42144.77 14717.85
V 1173 42117.51 14710.26
V 1174 42117.47 14710.25
V 1175 42117.36 14710.20
V 1176 42117.27 14710.17
V 1177 42117.22 14710.14
V 1178 42031.75 14670.98
V 1179 42004.54 14663.40
V 1180 42004.42 14663.37
V 1181 42004.33 14663.33
V 1182 42004.24 14663.30
V 1183 42004.19 14663.27
V 1184 41918.73 14624.11
V 1185 41891.50 14616.52
V 1186 41891.37 14616.49
V 1187 41891.29 14616.45
V 1188 41891.19 14616.42
V 1189 41891.15 14616.39
V 1190 41805.69 14577.23
V 1191 41778.46 14569.64
V 1192 41778.33 14569.61
V 1193 41778.25 14569.57
V 1194 41778.16 14569.54
V 1195 41778.12 14569.52
V 1196 41692.69 14530.36
V 1197 41665.41 14522.76
V 1198 41665.37 14522.75
V 1199 41665.26 14522.70
V 1200 41665.17 14522.67
V 1201 41665.11 14522.64
V 1202 41579.76 14483.51
V 1203 41552.42 14475.90
V 1204 41552.37 14475.89
V 1205 41552.26 14475.84
V 1206 41552.18 14475.81
V 1207 41552.12 14475.78
V 1208 41466.64 14436.61
V 1209 41439.41 14429.02
V 1210 41439.29 14428.99
V 1211 41439.19 14428.95
V 1212 41439.11 14428.92
V 1213 41439.06 14428.89
V 1214 41353.58 14389.72
V 1215 41326.33 14382.13
V 1216 41326.22 14382.10
V 1217 41326.12 14382.06
V 1218 41326.04 14382.03
V 1219 41326.01 14382.01
V 1220 41241.12 14343.09
V 1221 41197.40 14331.01
V 1222 41197.30 14330.98
V 1223 41197.21 14330.94
V 1224 41196.42 14330.60
V 1225 41196.40 14330.59
V 1226 41196.37 14330.58
V 1227 41196.33 14330.56
V 1228 41196.30 14330.54
V 1229 41035.33 14244.49
V 1230 41035.30 14244.47
V 1231 41035.26 14244.45
V 1232 41035.21 14244.42
V 1233 41035.17 14244.40
V 1234 40995.04 14216.47
V 1235 40975.83 14208.73
V 1236 40975.80 14208.72
V 1237 40975.71 14208.68
V 1238 40975.60 14208.64
V 1239 40974.75 14208.13
V 1240 40974.66 14208.07
V 1241 40918.43 14168.94
V 1242 40899.19 14161.20
V 1243 40899.17 14161.19
V 1244 40899.08 14161.15
V 1245 40898.97 14161.11
V 1246 40898.12 14160.60
V 1247 40898.03 14160.54
V 1248 40841.75 14121.39
V 1249 40822.53 14113.65
V 1250 40822.50 14113.64
V 1251 40822.41 14113.60
V 1252 40822.30 14113.56
V 1253 40821.44 14113.05
V 1254 40821.36 14112.99
V 1255 40765.08 14073.83
V 1256 40745.87 14066.10
V 1257 40745.85 14066.09
V 1258 40745.76 14066.05
V 1259 40745.65 14066.01
V 1260 40744.80 14065.50
V 1261 40744.71 14065.44
V 1262 40688.42 14026.27
V 1263 40669.22 14018.54
V 1264 40669.19 14018.53
V 1265 40669.10 14018.49
V 1266 40668.99 14018.45
V 1267 40668.14 14017.94
V 1268 40668.05 14017.88
V 1269 40598.03 13969.16
V 1270 40524.16 13929.88
V 1271 40524.12 13929.87
V 1272 40524.06 13929.84
V 1273 40466.33 13899.24
V 1274 40466.22 13899.17
V 1275 40465.26 13898.55
V 1276 40465.14 13898.46
V 1277 40465.05 13898.37
V 1278 40464.99 13898.32
V 1279 40464.97 13898.29
V 1280 40464.92 13898.24
V 1281 40380.16 13835.39
V 1282 40362.51 13828.29
V 1283 40362.49 13828.28
V 1284 40362.40 13828.24
V 1285 40362.29 13828.20
V 1286 40361.44 13827.69
V 1287 40361.35 13827.63
V 1288 40305.01 13788.44
V 1289 40285.82 13780.70
V 1290 40285.79 13780.69
V 1291 40285.69 13780.65
V 1292 40285.58 13780.61
V 1293 40284.74 13780.10
V 1294 40284.65 13780.04
V 1295 40214.98 13731.57
V 1296 40132.83 13684.43
V 1297 40061.44 13648.39
V 1298 39981.56 13606.35
V 1299 39981.49 13606.31
V 1300 39981.46 13606.29
V 1301 39981.41 13606.25
V 1302 39981.30 13606.18
V 1303 39981.28 13606.16
V 1304 39925.17 13561.75
V 1305 39844.42 13538.18
V 1306 39844.39 13538.17
V 1307 39844.26 13538.12
V 1308 39844.21 13538.10
V 1309 39844.19 13538.09
V 1310 39843.43 13537.77
V 1311 39843.37 13537.75
V 1312 39843.31 13537.72
V 1313 39705.35 13464.81
V 1314 39705.29 13464.77
V 1315 39705.25 13464.75
V 1316 39705.17 13464.69
V 1317 39705.08 13464.64
V 1318 39705.06 13464.61
V 1319 39529.48 13330.51
V 1320 39503.73 13316.97
V 1321 39503.67 13316.93
V 1322 39503.62 13316.91
V 1323 39503.55 13316.85
V 1324 39503.47 13316.80
V 1325 39503.44 13316.77
V 1326 39371.28 13210.88
V 1327 39360.56 13206.37
V 1328 39360.47 13206.33
V 1329 39360.37 13206.28
V 1330 39359.67 13205.86
V 1331 39359.62 13205.84
V 1332 39300.71 13164.88
V 1333 39229.54 13134.04
V 1334 39229.50 13134.02
V 1335 39229.42 13133.97
V 1336 39229.33 13133.93
V 1337 39229.32 13133.91
V 1338 39193.16 13113.95
V 1339 39193.12 13113.94
V 1340 39121.68 13077.86
V 1341 39035.91 13032.53
V 1342 39035.85 13032.49
V 1343 39035.81 13032.47
V 1344 39035.73 13032.41
V 1345 39035.65 13032.36
V 1346 39035.62 13032.33
V 1347 38859.60 12898.04
V 1348 38833.25 12884.18
V 1349 38833.19 12884.14
V 1350 38833.15 12884.12
V 1351 38833.07 12884.06
V 1352 38832.99 12884.01
V 1353 38832.96 12883.98
V 1354 38794.31 12853.03
V 1355 38771.68 12837.29
V 1356 38752.47 12829.56
V 1357 38752.44 12829.55
V 1358 38752.35 12829.51
V 1359 38752.24 12829.47
V 1360 38751.39 12828.96
V 1361 38751.30 12828.90
V 1362 38694.94 12789.69
V 1363 38675.73 12781.95
V 1364 38675.69 12781.94
V 1365 38675.61 12781.90
V 1366 38675.50 12781.86
V 1367 38674.65 12781.35
V 1368 38674.56 12781.29
V 1369 38618.36 12742.18
V 1370 38599.10 12734.42
V 1371 38599.07 12734.41
V 1372 38598.98 12734.37
V 1373 38598.87 12734.33
V 1374 38598.01 12733.82
V 1375 38597.93 12733.76
V 1376 38541.68 12694.61
V 1377 38522.47 12686.88
V 1378 38522.44 12686.87
V 1379 38522.35 12686.83
V 1380 38522.24 12686.79
V 1381 38521.39 12686.28
V 1382 38521.30 12686.22
V 1383 38464.94 12647.01
V 1384 38445.73 12639.27
V 1385 38445.69 12639.26
V 1386 38445.61 12639.22
V 1387 38445.50 12639.18
V 1388 38444.65 12638.67
V 1389 38444.56 12638.61
V 1390 38388.36 12599.50
V 1391 38369.12 12591.76
V 1392 38369.10 12591.75
V 1393 38369.01 12591.71
V 1394 38368.90 12591.67
V 1395 38368.05 12591.16
V 1396 38367.96 12591.10
V 1397 38311.69 12551.95
V 1398 38292.39 12544.18
V 1399 38292.36 12544.17
V 1400 38292.26 12544.13
V 1401 38292.16 12544.09
V 1402 38291.31 12543.58
V 1403 38291.22 12543.52
V 1404 38236.10 12505.14
V 1405 38194.97 12488.70
V 1406 38194.75 12488.61
V 1407 38194.64 12488.55
V 1408 38193.68 12487.96
V 1409 38193.57 12487.88
V 1410 38193.51 12487.84
V 1411 38193.47 12487.80
V 1412 38000.54 12339.95
V 1413 37966.86 12321.65
V 1414 37966.73 12321.57
V 1415 37965.90 12321.00
V 1416 37965.78 12320.91
V 1417 37965.62 12320.76
V 1418 37926.48 12281.08
V 1419 37911.67 12273.03
V 1420 37911.61 12272.99
V 1421 37911.58 12272.98
V 1422 37911.55 12272.95
V 1423 37911.44 12272.88
V 1424 37911.43 12272.87
V 1425 37910.72 12272.39
V 1426 37910.60 12272.30
V 1427 37910.49 12272.20
V 1428 37871.62 12232.81
V 1429 37856.83 12224.79
V 1430 37856.69 12224.71
V 1431 37855.87 12224.14
V 1432 37855.75 12224.05
V 1433 37855.60 12223.90
V 1434 37816.43 12184.20
V 1435 37801.65 12176.18
V 1436 37801.51 12176.10
V 1437 37800.69 12175.53
V 1438 37800.57 12175.44
V 1439 37800.42 12175.29
V 1440 37761.26 12135.62
V 1441 37746.46 12127.57
V 1442 37746.40 12127.53
V 1443 37746.37 12127.52
V 1444 37746.33 12127.49
V 1445 37746.24 12127.42
V 1446 37746.22 12127.41
V 1447 37745.51 12126.93
V 1448 37745.39 12126.84
V 1449 37745.28 12126.74
V 1450 37706.42 12087.34
V 1451 37691.66 12079.34
V 1452 37691.60 12079.31
V 1453 37691.51 12079.26
V 1454 37691.46 12079.23
V 1455 37690.62 12078.66
V 1456 37690.51 12078.57
V 1457 37690.36 12078.42
V 1458 37651.10 12038.62
V 1459 37636.28 12030.56
V 1460 37636.22 12030.52
V 1461 37636.19 12030.51
V 1462 37636.16 12030.48
V 1463 37636.06 12030.41
V 1464 37636.04 12030.40
V 1465 37635.33 12029.92
V 1466 37635.21 12029.83
V 1467 37635.10 12029.73
V 1468 37596.16 11990.26
V 1469 37581.32 11982.21
V 1470 37581.19 11982.13
V 1471 37580.36 11981.56
V 1472 37580.24 11981.47
V 1473 37580.08 11981.32
V 1474 37541.16 11941.85
V 1475 37526.74 11934.03
V 1476 37526.61 11933.95
V 1477 37525.78 11933.38
V 1478 37525.66 11933.29
V 1479 37440.60 11847.21
V 1480 37350.72 11787.58
V 1481 37350.60 11787.49
V 1482 37350.49 11787.39
V 1483 37349.74 11786.64
V 1484 37315.00 11748.72
V 1485 37173.14 11653.22
V 1486 37173.12 11653.21
V 1487 37173.04 11653.15
V 1488 37172.96 11653.10
V 1489 37128.43 11608.82
V 1490 36936.83 11483.29
V 1491 36936.81 11483.28
V 1492 36936.64 11483.16
V 1493 36936.53 11483.06
V 1494 36935.67 11482.20
V 1495 36935.64 11482.15
V 1496 36760.89 11276.16
V 1497 36667.56 11213.30
V 1498 36667.54 11213.29
V 1499 36667.46 11213.23
V 1500 36667.37 11213.18
V 1501 36623.43 11169.47
V 1502 36427.96 11041.49
V 1503 36427.94 11041.48
V 1504 36427.76 11041.36
V 1505 36427.66 11041.26
V 1506 36426.80 11040.40
V 1507 36426.76 11040.35
V 1508 36252.94 10835.34
V 1509 36118.98 10747.49
V 1510 36118.96 10747.48
V 1511 36118.79 10747.36
V 1512 36118.68 10747.26
V 1513 36117.74 10746.32
V 1514 36117.71 10746.27
V 1515 35942.74 10540.91
V 1516 35799.10 10447.26
V 1517 35798.96 10447.16
V 1518 35798.83 10447.04
V 1519 35798.03 10446.20
V 1520 35797.94 10446.12
V 1521 35797.92 10446.08
V 1522 35688.58 10313.19
V 1523 35668.69 10293.03
V 1524 35653.90 10284.98
V 1525 35653.83 10284.94
V 1526 35653.82 10284.93
V 1527 35653.78 10284.90
V 1528 35653.68 10284.83
V 1529 35653.66 10284.82
V 1530 35652.94 10284.34
V 1531 35652.83 10284.25
V 1532 35652.72 10284.15
V 1533 35613.81 10244.71
V 1534 35598.91 10236.64
V 1535 35598.78 10236.56
V 1536 35597.94 10235.99
V 1537 35597.83 10235.90
V 1538 35597.68 10235.75
V 1539 35558.66 10196.19
V 1540 35543.83 10188.12
V 1541 35543.76 10188.09
V 1542 35543.75 10188.08
V 1543 35543.71 10188.04
V 1544 35543.61 10187.98
V 1545 35543.58 10187.96
V 1546 35542.87 10187.49
V 1547 35542.76 10187.40
V 1548 35542.65 10187.29
V 1549 35437.85 10081.07
V 1550 35300.91 9984.34
V 1551 35300.81 9984.26
V 1552 35299.76 9983.21
V 1553 35299.67 9983.11
V 1554 35299.58 9982.99
V 1555 35272.99 9943.10
V 1556 35261.04 9934.65
V 1557 35260.94 9934.57
V 1558 35260.85 9934.49
V 1559 35259.90 9933.54
V 1560 35259.80 9933.43
V 1561 35259.71 9933.31
V 1562 35233.15 9893.45
V 1563 35221.07 9884.92
V 1564 35220.97 9884.84
V 1565 35220.87 9884.76
V 1566 35219.93 9883.81
V 1567 35219.83 9883.70
V 1568 35219.74 9883.58
V 1569 35193.35 9843.96
V 1570 35181.37 9835.52
V 1571 35181.28 9835.44
V 1572 35180.24 9834.40
V 1573 35180.14 9834.29
V 1574 35180.05 9834.17
V 1575 35153.29 9794.02
V 1576 35141.44 9785.64
V 1577 35141.33 9785.56
V 1578 35141.25 9785.48
V 1579 35140.30 9784.53
V 1580 35140.19 9784.42
V 1581 35140.11 9784.29
V 1582 35113.33 9744.11
V 1583 35101.35 9735.65
V 1584 35101.25 9735.57
V 1585 35100.21 9734.53
V 1586 35100.11 9734.42
V 1587 35100.01 9734.29
V 1588 35073.68 9694.77
V 1589 35061.69 9686.29
V 1590 35061.58 9686.21
V 1591 35060.55 9685.18
V 1592 35060.44 9685.07
V 1593 35060.36 9684.95
V 1594 35033.76 9645.06
V 1595 35021.83 9636.62
V 1596 35021.73 9636.54
V 1597 35021.64 9636.45
V 1598 35020.69 9635.51
V 1599 35020.58 9635.40
V 1600 35020.50 9635.28
V 1601 34993.68 9595.04
V 1602 34985.08 9588.95
V 1603 34984.98 9588.87
V 1604 34984.89 9588.79
V 1605 34983.98 9587.89
V 1606 34986.10 9585.77
V 1607 34986.92 9586.59
V 1608 34995.65 9592.76
V 1609 34995.74 9592.82
V 1610 34995.94 9593.02
V 1611 34995.99 9593.10
V 1612 34996.03 9593.15
V 1613 35022.92 9633.50
V 1614 35023.67 9634.25
V 1615 35035.73 9642.78
V 1616 35035.82 9642.84
V 1617 35036.01 9643.04
V 1618 35036.07 9643.12
V 1619 35036.11 9643.17
V 1620 35062.78 9683.17
V 1621 35063.50 9683.89
V 1622 35075.62 9692.45
V 1623 35075.66 9692.49
V 1624 35075.72 9692.53
V 1625 35075.92 9692.73
V 1626 35075.97 9692.81
V 1627 35076.01 9692.86
V 1628 35102.44 9732.52
V 1629 35103.16 9733.24
V 1630 35115.28 9741.79
V 1631 35115.31 9741.83
V 1632 35115.37 9741.87
V 1633 35115.57 9742.07
V 1634 35115.62 9742.15
V 1635 35115.66 9742.20
V 1636 35142.53 9782.52
V 1637 35143.28 9783.27
V 1638 35155.26 9791.74
V 1639 35155.35 9791.79
V 1640 35155.55 9792.00
V 1641 35155.60 9792.08
V 1642 35155.64 9792.12
V 1643 35182.47 9832.39
V 1644 35183.19 9833.11
V 1645 35195.30 9841.66
V 1646 35195.33 9841.69
V 1647 35195.39 9841.73
V 1648 35195.58 9841.93
V 1649 35195.64 9842.01
V 1650 35195.68 9842.06
V 1651 35222.16 9881.79
V 1652 35222.91 9882.54
V 1653 35235.12 9891.18
V 1654 35235.21 9891.24
V 1655 35235.41 9891.44
V 1656 35235.46 9891.52
V 1657 35235.50 9891.57
V 1658 35262.12 9931.53
V 1659 35262.87 9932.28
V 1660 35274.96 9940.82
V 1661 35275.05 9940.87
V 1662 35275.25 9941.08
V 1663 35275.30 9941.16
V 1664 35275.33 9941.20
V 1665 35302.00 9981.20
V 1666 35302.72 9981.93
V 1667 35439.66 10078.66
V 1668 35439.71 10078.70
V 1669 35439.75 10078.73
V 1670 35439.94 10078.93
V 1671 35544.69 10185.10
V 1672 35545.28 10185.49
V 1673 35560.28 10193.65
V 1674 35560.32 10193.68
V 1675 35560.36 10193.70
V 1676 35560.44 10193.76
V 1677 35560.51 10193.81
V 1678 35560.72 10194.01
V 1679 35599.75 10233.58
V 1680 35600.41 10234.03
V 1681 35615.43 10242.18
V 1682 35615.47 10242.20
V 1683 35615.51 10242.23
V 1684 35615.58 10242.29
V 1685 35615.67 10242.34
V 1686 35615.87 10242.54
V 1687 35654.76 10281.95
V 1688 35655.35 10282.34
V 1689 35670.32 10290.49
V 1690 35670.36 10290.52
V 1691 35670.40 10290.54
V 1692 35670.48 10290.60
V 1693 35670.56 10290.65
V 1694 35670.76 10290.85
V 1695 35690.85 10311.21
V 1696 35690.87 10311.26
V 1697 35800.22 10444.15
V 1698 35800.28 10444.20
V 1699 35800.87 10444.82
V 1700 35944.54 10538.50
V 1701 35944.57 10538.53
V 1702 35944.68 10538.60
V 1703 35944.87 10538.80
V 1704 35944.91 10538.85
V 1705 36119.98 10744.32
V 1706 36120.71 10745.05
V 1707 36254.72 10832.92
V 1708 36254.76 10832.94
V 1709 36254.83 10833.00
V 1710 36254.92 10833.05
V 1711 36255.12 10833.25
V 1712 36255.15 10833.30
V 1713 36429.04 11038.40
V 1714 36429.68 11039.04
V 1715 36625.15 11167.02
V 1716 36625.19 11167.04
V 1717 36625.26 11167.10
V 1718 36625.35 11167.15
V 1719 36669.30 11210.86
V 1720 36762.68 11273.75
V 1721 36762.69 11273.76
V 1722 36762.78 11273.82
V 1723 36762.86 11273.87
V 1724 36763.06 11274.07
V 1725 36763.08 11274.12
V 1726 36937.91 11480.20
V 1727 36938.56 11480.85
V 1728 37130.16 11606.38
V 1729 37130.19 11606.40
V 1730 37130.28 11606.46
V 1731 37130.36 11606.51
V 1732 37174.87 11650.78
V 1733 37316.76 11746.30
V 1734 37316.79 11746.31
V 1735 37316.87 11746.37
V 1736 37316.94 11746.42
V 1737 37317.16 11746.63
V 1738 37352.01 11784.67
V 1739 37352.50 11785.16
V 1740 37442.41 11844.81
V 1741 37442.43 11844.83
V 1742 37442.51 11844.88
V 1743 37442.71 11845.08
V 1744 37527.58 11930.97
V 1745 37528.24 11931.42
V 1746 37542.78 11939.31
V 1747 37542.82 11939.34
V 1748 37542.86 11939.36
V 1749 37542.94 11939.42
V 1750 37543.01 11939.47
V 1751 37543.22 11939.67
V 1752 37582.16 11979.15
V 1753 37582.82 11979.60
V 1754 37597.78 11987.72
V 1755 37597.82 11987.75
V 1756 37597.86 11987.77
V 1757 37597.94 11987.83
V 1758 37598.01 11987.88
V 1759 37598.22 11988.08
V 1760 37637.14 12027.53
V 1761 37637.73 12027.92
V 1762 37652.72 12036.08
V 1763 37652.76 12036.11
V 1764 37652.80 12036.13
V 1765 37652.87 12036.19
V 1766 37652.96 12036.24
V 1767 37653.16 12036.44
V 1768 37692.43 12076.25
V 1769 37693.12 12076.73
V 1770 37707.98 12084.78
V 1771 37708.04 12084.81
V 1772 37708.06 12084.83
V 1773 37708.12 12084.86
V 1774 37708.21 12084.92
V 1775 37708.29 12084.97
V 1776 37708.49 12085.17
V 1777 37747.32 12124.54
V 1778 37747.91 12124.93
V 1779 37762.89 12133.08
V 1780 37762.93 12133.11
V 1781 37762.97 12133.13
V 1782 37763.05 12133.19
V 1783 37763.12 12133.24
V 1784 37763.33 12133.44
V 1785 37802.49 12173.12
V 1786 37803.15 12173.57
V 1787 37818.05 12181.66
V 1788 37818.08 12181.69
V 1789 37818.12 12181.71
V 1790 37818.21 12181.77
V 1791 37818.29 12181.82
V 1792 37818.49 12182.02
V 1793 37857.67 12221.73
V 1794 37858.33 12222.18
V 1795 37873.24 12230.27
V 1796 37873.28 12230.30
V 1797 37873.32 12230.32
V 1798 37873.40 12230.38
V 1799 37873.48 12230.43
V 1800 37873.68 12230.63
V 1801 37912.53 12270.00
V 1802 37913.12 12270.39
V 1803 37928.10 12278.54
V 1804 37928.14 12278.57
V 1805 37928.18 12278.59
V 1806 37928.26 12278.65
V 1807 37928.33 12278.70
V 1808 37928.54 12278.90
V 1809 37967.69 12318.59
V 1810 37968.36 12319.05
V 1811 38002.05 12337.35
V 1812 38002.10 12337.39
V 1813 38002.12 12337.40
V 1814 38002.19 12337.45
V 1815 38002.22 12337.47
V 1816 38002.29 12337.51
V 1817 38002.33 12337.55
V 1818 38195.26 12485.41
V 1819 38196.14 12485.94
V 1820 38237.37 12502.43
V 1821 38237.40 12502.44
V 1822 38237.46 12502.46
V 1823 38237.54 12502.51
V 1824 38237.62 12502.55
V 1825 38237.66 12502.58
V 1826 38237.68 12502.59
V 1827 38292.87 12541.02
V 1828 38293.51 12541.40
V 1829 38312.98 12549.24
V 1830 38313.00 12549.25
V 1831 38313.06 12549.27
V 1832 38313.14 12549.32
V 1833 38313.22 12549.36
V 1834 38313.26 12549.39
V 1835 38313.28 12549.40
V 1836 38369.62 12588.60
V 1837 38370.26 12588.98
V 1838 38389.65 12596.79
V 1839 38389.67 12596.80
V 1840 38389.73 12596.82
V 1841 38389.81 12596.87
V 1842 38389.89 12596.91
V 1843 38389.93 12596.94
V 1844 38389.94 12596.95
V 1845 38446.22 12636.11
V 1846 38446.86 12636.49
V 1847 38466.23 12644.30
V 1848 38466.25 12644.31
V 1849 38466.31 12644.33
V 1850 38466.39 12644.38
V 1851 38466.47 12644.42
V 1852 38466.51 12644.45
V 1853 38466.53 12644.46
V 1854 38522.96 12683.72
V 1855 38523.60 12684.10
V 1856 38542.97 12691.90
V 1857 38542.99 12691.91
V 1858 38543.05 12691.93
V 1859 38543.12 12691.98
V 1860 38543.21 12692.02
V 1861 38543.25 12692.05
V 1862 38543.26 12692.06
V 1863 38599.58 12731.26
V 1864 38600.23 12731.64
V 1865 38619.65 12739.47
V 1866 38619.67 12739.48
V 1867 38619.73 12739.50
V 1868 38619.81 12739.55
V 1869 38619.89 12739.59
V 1870 38619.93 12739.62
V 1871 38619.94 12739.63
V 1872 38676.22 12778.79
V 1873 38676.86 12779.17
V 1874 38696.24 12786.98
V 1875 38696.26 12786.99
V 1876 38696.32 12787.01
V 1877 38696.40 12787.06
V 1878 38696.48 12787.10
V 1879 38696.51 12787.13
V 1880 38696.54 12787.14
V 1881 38752.96 12826.40
V 1882 38753.60 12826.78
V 1883 38772.97 12834.58
V 1884 38772.99 12834.59
V 1885 38773.05 12834.61
V 1886 38773.12 12834.66
V 1887 38773.21 12834.70
V 1888 38773.25 12834.73
V 1889 38773.26 12834.74
V 1890 38796.07 12850.60
V 1891 38796.12 12850.65
V 1892 38796.17 12850.67
V 1893 38796.19 12850.70
V 1894 38834.76 12881.58
V 1895 38861.08 12895.42
V 1896 38861.15 12895.46
V 1897 38861.19 12895.48
V 1898 38861.26 12895.54
V 1899 38861.35 12895.59
V 1900 38861.37 12895.62
V 1901 39037.40 13029.92
V 1902 39123.06 13075.19
V 1903 39194.44 13111.24
V 1904 39194.49 13111.27
V 1905 39194.57 13111.31
V 1906 39194.58 13111.33
V 1907 39230.74 13131.28
V 1908 39302.03 13162.17
V 1909 39302.07 13162.19
V 1910 39302.12 13162.23
V 1911 39302.16 13162.24
V 1912 39302.23 13162.28
V 1913 39302.29 13162.32
V 1914 39361.28 13203.33
V 1915 39361.82 13203.65
V 1916 39372.65 13208.21
V 1917 39372.71 13208.23
V 1918 39372.79 13208.28
V 1919 39372.87 13208.32
V 1920 39372.94 13208.38
V 1921 39373.03 13208.43
V 1922 39373.06 13208.46
V 1923 39505.25 13314.37
V 1924 39530.97 13327.90
V 1925 39531.03 13327.94
V 1926 39531.07 13327.96
V 1927 39531.15 13328.02
V 1928 39531.23 13328.07
V 1929 39531.26 13328.10
V 1930 39706.83 13462.20
V 1931 39844.71 13535.06
V 1932 39845.32 13535.32
V 1933 39926.30 13558.95
V 1934 39926.33 13558.96
V 1935 39926.43 13559.00
V 1936 39926.51 13559.03
V 1937 39926.60 13559.08
V 1938 39926.68 13559.12
V 1939 39926.76 13559.18
V 1940 39926.80 13559.20
V 1941 39926.82 13559.22
V 1942 39926.83 13559.23
V 1943 39926.86 13559.25
V 1944 39983.08 13603.75
V 1945 40062.83 13645.72
V 1946 40134.19 13681.75
V 1947 40216.53 13729.00
V 1948 40216.57 13729.02
V 1949 40216.60 13729.04
V 1950 40216.64 13729.07
V 1951 40286.31 13777.54
V 1952 40286.94 13777.92
V 1953 40306.31 13785.73
V 1954 40306.33 13785.74
V 1955 40306.39 13785.76
V 1956 40306.47 13785.81
V 1957 40306.55 13785.85
V 1958 40306.58 13785.88
V 1959 40306.61 13785.89
V 1960 40363.01 13825.13
V 1961 40363.65 13825.51
V 1962 40381.44 13832.68
V 1963 40381.51 13832.71
V 1964 40381.60 13832.76
V 1965 40381.68 13832.80
V 1966 40381.76 13832.86
V 1967 40381.83 13832.91
V 1968 40381.89 13832.96
V 1969 40466.82 13895.93
V 1970 40466.91 13895.99
V 1971 40467.03 13896.11
V 1972 40467.81 13896.62
V 1973 40525.46 13927.18
V 1974 40525.56 13927.24
V 1975 40599.46 13966.54
V 1976 40599.50 13966.55
V 1977 40599.58 13966.60
V 1978 40599.66 13966.64
V 1979 40599.69 13966.67
V 1980 40599.72 13966.68
V 1981 40669.71 14015.38
V 1982 40670.35 14015.76
V 1983 40689.71 14023.56
V 1984 40689.73 14023.57
V 1985 40689.79 14023.59
V 1986 40689.87 14023.64
V 1987 40689.94 14023.68
V 1988 40689.99 14023.71
V 1989 40690.01 14023.72
V 1990 40746.37 14062.94
V 1991 40747.01 14063.32
V 1992 40766.37 14071.12
V 1993 40766.39 14071.13
V 1994 40766.44 14071.15
V 1995 40766.53 14071.20
V 1996 40766.61 14071.24
V 1997 40766.65 14071.27
V 1998 40766.67 14071.28
V 1999 40823.01 14110.49
V 2000 40823.66 14110.87
V 2001 40843.04 14118.68
V 2002 40843.06 14118.69
V 2003 40843.12 14118.71
V 2004 40843.19 14118.76
V 2005 40843.28 14118.80
V 2006 40843.32 14118.83
V 2007 40843.33 14118.84
V 2008 40899.69 14158.04
V 2009 40900.33 14158.42
V 2010 40919.72 14166.23
V 2011 40919.74 14166.24
V 2012 40919.80 14166.26
V 2013 40919.87 14166.31
V 2014 40919.96 14166.35
V 2015 40920.00 14166.38
V 2016 40920.01 14166.39
V 2017 40976.32 14205.57
V 2018 40976.96 14205.95
V 2019 40996.33 14213.76
V 2020 40996.35 14213.77
V 2021 40996.41 14213.79
V 2022 40996.49 14213.84
V 2023 40996.57 14213.88
V 2024 40996.61 14213.91
V 2025 40996.62 14213.92
V 2026 41036.76 14241.86
V 2027 41197.64 14327.86
V 2028 41197.66 14327.86
V 2029 41198.28 14328.13
V 2030 41242.01 14340.21
V 2031 41242.05 14340.23
V 2032 41242.07 14340.23
V 2033 41242.14 14340.26
V 2034 41242.18 14340.28
V 2035 41242.25 14340.30
V 2036 41242.28 14340.32
V 2037 41327.22 14379.27
V 2038 41354.44 14386.85
V 2039 41354.57 14386.88
V 2040 41354.66 14386.92
V 2041 41354.75 14386.95
V 2042 41354.80 14386.98
V 2043 41440.26 14426.15
V 2044 41467.50 14433.74
V 2045 41467.62 14433.77
V 2046 41467.71 14433.81
V 2047 41467.80 14433.84
V 2048 41467.85 14433.87
V 2049 41553.28 14473.02
V 2050 41580.62 14480.63
V 2051 41580.66 14480.64
V 2052 41580.76 14480.69
V 2053 41580.86 14480.72
V 2054 41580.92 14480.75
V 2055 41666.26 14519.88
V 2056 41693.58 14527.48
V 2057 41693.62 14527.50
V 2058 41693.65 14527.50
V 2059 41693.72 14527.53
V 2060 41693.76 14527.55
V 2061 41693.83 14527.57
V 2062 41693.86 14527.59
V 2063 41779.33 14566.78
V 2064 41806.56 14574.36
V 2065 41806.68 14574.39
V 2066 41806.76 14574.43
V 2067 41806.86 14574.46
V 2068 41806.91 14574.49
V 2069 41892.36 14613.65
V 2070 41919.58 14621.24
V 2071 41919.71 14621.27
V 2072 41919.80 14621.31
V 2073 41919.89 14621.34
V 2074 41919.94 14621.37
V 2075 42005.40 14660.53
V 2076 42032.61 14668.11
V 2077 42032.73 14668.14
V 2078 42032.82 14668.18
V 2079 42032.91 14668.21
V 2080 42032.96 14668.24
V 2081 42118.37 14707.38
V 2082 42145.66 14714.97
V 2083 42145.70 14714.99
V 2084 42145.72 14714.99
V 2085 42145.79 14715.02
V 2086 42145.83 14715.04
V 2087 42145.90 14715.06
V 2088 42145.93 14715.08
V 2089 42192.80 14736.57
V 2090 42192.84 14736.58
V 2091 42192.88 14736.61
V 2092 42297.02 14788.83
V 2093 42341.71 14806.49
V 2094 42341.85 14806.55
V 2095 42341.98 14806.63
V 2096 42342.07 14806.70
V 2097 42476.68 14853.24
V 2098 42484.25 14855.38
V 2099 42484.34 14855.42
V 2100 42484.43 14855.45
V 2101 42484.48 14855.48
V 2102 42570.53 14894.91
V 2103 42597.74 14902.49
V 2104 42597.86 14902.52
V 2105 42597.95 14902.56
V 2106 42598.04 14902.59
V 2107 42598.07 14902.61
V 2108 42673.22 14937.06
V 2109 42699.67 14946.07
V 2110 42699.78 14946.11
V 2111 42800.31 14989.66
V 2112 42823.64 14996.17
V 2113 42823.76 14996.20
V 2114 42823.85 14996.24
V 2115 42823.94 14996.27
V 2116 42823.99 14996.30
V 2117 42909.62 15035.54
V 2118 42936.85 15043.13
V 2119 42936.97 15043.16
V 2120 42937.06 15043.20
V 2121 42937.15 15043.23
V 2122 42937.20 15043.26
V 2123 43022.63 15082.41
V 2124 43049.97 15090.02
V 2125 43050.01 15090.03
V 2126 43050.12 15090.08
V 2127 43050.21 15090.11
V 2128 43050.26 15090.14
V 2129 43135.63 15129.27
V 2130 43162.92 15136.86
V 2131 43162.96 15136.87
V 2132 43163.07 15136.92
V 2133 43163.16 15136.95
V 2134 43163.21 15136.98
V 2135 43248.64 15176.14
V 2136 43275.93 15183.73
V 2137 43275.97 15183.74
V 2138 43276.08 15183.79
V 2139 43276.17 15183.82
V 2140 43276.23 15183.85
V 2141 43361.67 15223.02
V 2142 43388.96 15230.61
V 2143 43389.00 15230.63
V 2144 43389.02 15230.63
V 2145 43389.09 15230.66
V 2146 43389.13 15230.68
V 2147 43389.20 15230.70
V 2148 43389.23 15230.72
V 2149 43474.72 15269.90
V 2150 43502.03 15277.51
V 2151 43502.07 15277.52
V 2152 43502.18 15277.57
V 2153 43502.27 15277.60
V 2154 43502.32 15277.63
V 2155 43587.81 15316.81
V 2156 43615.04 15324.40
V 2157 43615.16 15324.43
V 2158 43615.25 15324.47
V 2159 43615.34 15324.50
V 2160 43615.39 15324.53
V 2161 43700.80 15363.67
V 2162 43728.05 15371.26
V 2163 43728.17 15371.29
V 2164 43728.26 15371.33
V 2165 43728.35 15371.36
V 2166 43728.38 15371.38
V 2167 43813.88 15410.57
V 2168 43841.07 15418.14
V 2169 43841.19 15418.17
V 2170 43841.28 15418.21
V 2171 43841.37 15418.24
V 2172 43841.42 15418.27
V 2173 43926.81 15457.40
V 2174 43954.10 15464.99
V 2175 43954.14 15465.00
V 2176 43954.25 15465.05
V 2177 43954.34 15465.08
V 2178 43954.40 15465.11
V 2179 44039.92 15504.31
V 2180 44067.12 15511.89
V 2181 44067.24 15511.92
V 2182 44067.33 15511.96
V 2183 44067.42 15511.99
V 2184 44067.45 15512.01
V 2185 44152.88 15551.16
V 2186 44180.23 15558.78
V 2187 44180.27 15558.79
V 2188 44180.38 15558.84
V 2189 44180.47 15558.87
V 2190 44180.53 15558.90
V 2191 44265.88 15598.03
V 2192 44293.16 15605.62
V 2193 44293.20 15605.63
V 2194 44293.31 15605.68
V 2195 44293.40 15605.71
V 2196 44293.45 15605.74
V 2197 44388.19 15649.16
V 2198 44388.95 15649.35
V 2199 44448.64 15659.99
V 2200 44448.76 15660.02
V 2201 44448.82 15660.03
V 2202 44448.85 15660.04
V 2203 44598.93 15699.34
V 2204 44644.29 15706.77
V 2205 44644.32 15706.77
V 2206 44644.35 15706.78
V 2207 44644.37 15706.78
V 2208 44644.51 15706.81
V 2209 44644.57 15706.82
V 2210 44644.60 15706.83
V 2211 44793.29 15745.76
V 2212 44838.65 15753.20
V 2213 44838.68 15753.20
V 2214 44838.71 15753.21
V 2215 44838.73 15753.21
V 2216 44838.87 15753.24
V 2217 44838.93 15753.25
V 2218 44838.96 15753.26
V 2219 44987.64 15792.19
V 2220 45033.06 15799.64
V 2221 45033.09 15799.64
V 2222 45033.12 15799.65
V 2223 45033.14 15799.65
V 2224 45033.28 15799.68
V 2225 45033.34 15799.69
V 2226 45033.37 15799.70
V 2227 45182.00 15838.62
V 2228 45227.36 15846.06
V 2229 45227.39 15846.06
V 2230 45227.42 15846.07
V 2231 45227.44 15846.07
V 2232 45227.58 15846.10
V 2233 45227.64 15846.11
V 2234 45227.67 15846.12
V 2235 45376.35 15885.05
V 2236 45421.72 15892.49
V 2237 45421.75 15892.49
V 2238 45421.78 15892.50
V 2239 45421.80 15892.50
V 2240 45421.94 15892.53
V 2241 45422.00 15892.54
V 2242 45422.03 15892.55
V 2243 45570.71 15931.48
V 2244 45616.14 15938.92
V 2245 45616.17 15938.92
V 2246 45616.20 15938.93
V 2247 45616.22 15938.93
V 2248 45616.36 15938.96
V 2249 45616.42 15938.97
V 2250 45616.45 15938.98
V 2251 45765.06 15977.91
V 2252 45810.43 15985.34
V 2253 45810.46 15985.34
V 2254 45810.49 15985.35
V 2255 45810.51 15985.35
V 2256 45810.65 15985.38
V 2257 45810.71 15985.39
V 2258 45810.74 15985.40
V 2259 45959.42 16024.34
V 2260 46004.78 16031.77
V 2261 46004.81 16031.77
V 2262 46004.84 16031.78
V 2263 46004.86 16031.78
V 2264 46005.00 16031.81
V 2265 46005.06 16031.82
V 2266 46005.09 16031.83
V 2267 46153.82 16070.78
V 2268 46199.14 16078.20
V 2269 46199.17 16078.20
V 2270 46199.20 16078.21
V 2271 46199.22 16078.21
V 2272 46199.36 16078.24
V 2273 46199.42 16078.25
V 2274 46199.45 16078.26
V 2275 46348.14 16117.19
V 2276 46393.50 16124.63
V 2277 46393.53 16124.63
V 2278 46393.56 16124.64
V 2279 46393.58 16124.64
V 2280 46393.72 16124.67
V 2281 46393.78 16124.68
V 2282 46393.81 16124.69
V 2283 46542.49 16163.62
V 2284 46587.92 16171.07
V 2285 46587.95 16171.07
V 2286 46587.98 16171.08
V 2287 46588.00 16171.08
V 2288 46588.14 16171.11
V 2289 46588.20 16171.12
V 2290 46588.23 16171.13
V 2291 46736.84 16210.05
V 2292 46782.21 16217.49
V 2293 46782.24 16217.49
V 2294 46782.27 16217.50
V 2295 46782.29 16217.50
V 2296 46782.43 16217.53
V 2297 46782.49 16217.54
V 2298 46782.52 16217.55
V 2299 46931.20 16256.48
V 2300 46976.57 16263.92
V 2301 46976.60 16263.92
V 2302 46976.63 16263.93
V 2303 46976.65 16263.93
V 2304 46976.79 16263.96
V 2305 46976.85 16263.97
V 2306 46976.88 16263.98
V 2307 47125.56 16302.91
V 2308 47170.92 16310.34
V 2309 47170.95 16310.34
V 2310 47170.98 16310.35
V 2311 47171.00 16310.35
V 2312 47171.14 16310.38
V 2313 47171.20 16310.39
V 2314 47171.23 16310.40
V 2315 47319.91 16349.34
V 2316 47365.28 16356.77
V 2317 47365.31 16356.77
V 2318 47365.34 16356.78
V 2319 47365.36 16356.78
V 2320 47365.50 16356.81
V 2321 47365.56 16356.82
V 2322 47365.59 16356.83
V 2323 47514.27 16395.77
V 2324 47559.63 16403.20
V 2325 47559.66 16403.20
V 2326 47559.69 16403.21
V 2327 47559.71 16403.21
V 2328 47559.85 16403.24
V 2329 47559.91 16403.25
V 2330 47559.94 16403.25
V 2331 47708.63 16442.20
V 2332 47813.07 16459.29
V 2333 47813.10 16459.29
V 2334 47813.13 16459.30
V 2335 48111.11 16488.64
V 2336 48128.68 16488.64
V 2337 48171.74 16394.70
V 2338 48179.33 16367.42
V 2339 48179.34 16367.38
V 2340 48179.39 16367.27
V 2341 48179.42 16367.18
V 2342 48179.45 16367.12
V 2343 48218.58 16281.77
V 2344 48226.20 16254.39
V 2345 48226.22 16254.35
V 2346 48226.22 16254.33
V 2347 48226.25 16254.26
V 2348 48226.27 16254.22
V 2349 48226.29 16254.15
V 2350 48226.31 16254.12
V 2351 48265.49 16168.64
V 2352 48273.06 16141.46
V 2353 48273.09 16141.34
V 2354 48273.13 16141.25
V 2355 48273.16 16141.16
V 2356 48273.19 16141.10
V 2357 48312.37 16055.64
V 2358 48319.96 16028.35
V 2359 48319.97 16028.31
V 2360 48320.02 16028.20
V 2361 48320.05 16028.11
V 2362 48320.08 16028.06
V 2363 48359.23 15942.61
V 2364 48366.81 15915.40
V 2365 48366.84 15915.28
V 2366 48366.88 15915.19
V 2367 48366.91 15915.10
V 2368 48366.93 15915.07
V 2369 48406.12 15829.57
V 2370 48413.70 15802.34
V 2371 48413.73 15802.22
V 2372 48413.77 15802.13
V 2373 48413.80 15802.04
V 2374 48413.83 15801.99
V 2375 48452.97 15716.58
V 2376 48460.56 15689.35
V 2377 48460.59 15689.23
V 2378 48460.63 15689.14
V 2379 48460.66 15689.05
V 2380 48460.69 15689.00
V 2381 48499.85 15603.57
V 2382 48507.46 15576.23
V 2383 48507.48 15576.19
V 2384 48507.48 15576.17
V 2385 48507.51 15576.10
V 2386 48507.53 15576.06
V 2387 48507.55 15575.99
V 2388 48507.57 15575.96
V 2389 48546.75 15490.47
V 2390 48554.34 15463.21
V 2391 48554.35 15463.17
V 2392 48554.40 15463.06
V 2393 48554.43 15462.97
V 2394 48554.46 15462.92
V 2395 48593.63 15377.47
V 2396 48601.22 15350.18
V 2397 48601.23 15350.14
V 2398 48601.28 15350.03
V 2399 48601.31 15349.94
V 2400 48601.34 15349.89
V 2401 48640.50 15264.46
V 2402 48648.09 15237.17
V 2403 48648.10 15237.13
V 2404 48648.15 15237.02
V 2405 48648.18 15236.93
V 2406 48648.21 15236.88
V 2407 48687.34 15151.51
V 2408 48694.95 15124.17
V 2409 48694.96 15124.13
V 2410 48695.01 15124.02
V 2411 48695.04 15123.93
V 2412 48695.07 15123.88
V 2413 48734.24 15038.39
V 2414 48741.83 15011.16
V 2415 48741.86 15011.04
V 2416 48741.90 15010.95
V 2417 48741.93 15010.86
V 2418 48741.96 15010.81
V 2419 48781.20 14925.18
V 2420 48787.73 14901.80
V 2421 48787.76 14901.68
V 2422 48787.78 14901.62
V 2423 48787.81 14901.54
V 2424 48831.37 14800.98
V 2425 48840.36 14774.61
V 2426 48840.38 14774.57
V 2427 48840.41 14774.49
V 2428 48840.43 14774.43
V 2429 48840.45 14774.40
V 2430 48874.89 14699.26
V 2431 48882.46 14672.07
V 2432 48882.49 14671.95
V 2433 48882.53 14671.86
V 2434 48882.56 14671.77
V 2435 48882.59 14671.72
V 2436 48922.02 14585.69
V 2437 48924.15 14578.13
V 2438 48970.81 14443.19
V 2439 48970.87 14443.03
V 2440 48970.96 14442.88
V 2441 48971.05 14442.74
V 2442 48988.61 14398.32
V 2443 48988.64 14398.26
V 2444 48988.65 14398.23
V 2445 48988.68 14398.19
V 2446 49040.93 14293.99
V 2447 49040.94 14293.96
V 2448 49040.96 14293.93
V 2449 49062.39 14247.17
V 2450 49069.98 14219.91
V 2451 49069.99 14219.87
V 2452 49070.04 14219.76
V 2453 49070.07 14219.67
V 2454 49070.10 14219.62
V 2455 49109.26 14134.15
V 2456 49116.84 14106.94
V 2457 49116.87 14106.82
V 2458 49116.91 14106.73
V 2459 49116.94 14106.64
V 2460 49116.97 14106.59
V 2461 49156.13 14021.13
V 2462 49163.72 13993.90
V 2463 49163.75 13993.78
V 2464 49163.79 13993.69
V 2465 49163.82 13993.60
V 2466 49163.85 13993.55
V 2467 49203.01 13908.10
V 2468 49210.60 13880.86
V 2469 49210.63 13880.74
V 2470 49210.67 13880.65
V 2471 49210.70 13880.56
V 2472 49210.72 13880.53
V 2473 49249.88 13795.10
V 2474 49257.48 13767.81
V 2475 49257.49 13767.77
V 2476 49257.54 13767.66
V 2477 49257.57 13767.57
V 2478 49257.60 13767.51
V 2479 49296.73 13682.16
V 2480 49304.34 13654.82
V 2481 49304.35 13654.78
V 2482 49304.40 13654.67
V 2483 49304.43 13654.58
V 2484 49304.46 13654.53
V 2485 49343.63 13569.04
V 2486 49351.22 13541.81
V 2487 49351.25 13541.69
V 2488 49351.29 13541.60
V 2489 49351.32 13541.51
V 2490 49351.35 13541.46
V 2491 49390.52 13455.99
V 2492 49398.11 13428.74
V 2493 49398.14 13428.62
V 2494 49398.18 13428.53
V 2495 49398.21 13428.44
V 2496 49398.23 13428.41
V 2497 49437.15 13343.53
V 2498 49449.23 13299.80
V 2499 49449.26 13299.70
V 2500 49449.30 13299.61
V 2501 49449.64 13298.82
V 2502 49449.65 13298.80
V 2503 49449.66 13298.77
V 2504 49449.69 13298.73
V 2505 49449.70 13298.70
V 2506 49535.75 13137.73
V 2507 49535.77 13137.70
V 2508 49535.79 13137.66
V 2509 49535.82 13137.61
V 2510 49535.84 13137.57
V 2511 49535.88 13137.51
V 2512 49563.77 13097.44
V 2513 49571.51 13078.23
V 2514 49571.52 13078.20
V 2515 49571.56 13078.11
V 2516 49571.60 13078.00
V 2517 49572.11 13077.15
V 2518 49572.17 13077.06
V 2519 49611.30 13020.83
V 2520 49619.04 13001.60
V 2521 49619.05 13001.57
V 2522 49619.09 13001.48
V 2523 49619.13 13001.37
V 2524 49619.64 13000.52
V 2525 49619.70 13000.43
V 2526 49658.85 12944.15
V 2527 49666.59 12924.93
V 2528 49666.60 12924.90
V 2529 49666.64 12924.81
V 2530 49666.68 12924.70
V 2531 49667.19 12923.85
V 2532 49667.25 12923.76
V 2533 49706.41 12867.48
V 2534 49714.14 12848.28
V 2535 49714.15 12848.25
V 2536 49714.19 12848.16
V 2537 49714.23 12848.05
V 2538 49714.74 12847.20
V 2539 49714.80 12847.11
V 2540 49753.97 12790.82
V 2541 49761.70 12771.62
V 2542 49761.71 12771.59
V 2543 49761.75 12771.50
V 2544 49761.79 12771.39
V 2545 49762.30 12770.54
V 2546 49762.36 12770.45
V 2547 49811.08 12700.43
V 2548 49850.36 12626.56
V 2549 49850.37 12626.52
V 2550 49850.40 12626.46
V 2551 49881.00 12568.74
V 2552 49881.07 12568.62
V 2553 49881.69 12567.67
V 2554 49881.78 12567.54
V 2555 49881.87 12567.45
V 2556 49881.92 12567.39
V 2557 49881.95 12567.37
V 2558 49882.00 12567.32
V 2559 49944.85 12482.56
V 2560 49951.95 12464.92
V 2561 49951.96 12464.89
V 2562 49952.00 12464.80
V 2563 49952.04 12464.69
V 2564 49952.55 12463.84
V 2565 49952.61 12463.75
V 2566 49991.80 12407.42
V 2567 49999.54 12388.22
V 2568 49999.55 12388.19
V 2569 49999.59 12388.10
V 2570 49999.63 12387.99
V 2571 50000.14 12387.14
V 2572 50000.20 12387.05
V 2573 50048.67 12317.38
V 2574 50095.81 12235.23
V 2575 50131.86 12163.83
V 2576 50173.89 12083.96
V 2577 50173.93 12083.89
V 2578 50173.95 12083.86
V 2579 50173.99 12083.81
V 2580 50174.06 12083.70
V 2581 50174.08 12083.68
V 2582 50218.49 12027.57
V 2583 50242.06 11946.82
V 2584 50242.07 11946.79
V 2585 50242.12 11946.67
V 2586 50242.14 11946.61
V 2587 50242.16 11946.59
V 2588 50242.47 11945.83
V 2589 50242.49 11945.77
V 2590 50242.51 11945.75
V 2591 50242.52 11945.71
V 2592 50315.43 11807.75
V 2593 50315.47 11807.69
V 2594 50315.49 11807.65
V 2595 50315.55 11807.57
V 2596 50315.60 11807.49
V 2597 50315.63 11807.46
V 2598 50449.73 11631.88
V 2599 50463.27 11606.13
V 2600 50463.31 11606.07
V 2601 50463.33 11606.03
V 2602 50463.39 11605.95
V 2603 50463.44 11605.87
V 2604 50463.47 11605.84
V 2605 50569.36 11473.68
V 2606 50573.87 11462.96
V 2607 50573.91 11462.87
V 2608 50573.96 11462.78
V 2609 50574.38 11462.07
V 2610 50574.40 11462.03
V 2611 50574.44 11461.97
V 2612 50615.36 11403.11
V 2613 50646.20 11331.94
V 2614 50646.22 11331.90
V 2615 50646.27 11331.82
V 2616 50646.31 11331.74
V 2617 50646.33 11331.72
V 2618 50666.29 11295.56
V 2619 50666.30 11295.53
V 2620 50702.39 11224.06
V 2621 50747.71 11138.31
V 2622 50747.75 11138.25
V 2623 50747.77 11138.21
V 2624 50747.83 11138.13
V 2625 50747.88 11138.05
V 2626 50747.91 11138.02
V 2627 50882.20 10962.00
V 2628 50896.06 10935.65
V 2629 50896.10 10935.59
V 2630 50896.12 10935.55
V 2631 50896.18 10935.47
V 2632 50896.23 10935.39
V 2633 50896.26 10935.36
V 2634 50927.21 10896.71
V 2635 50942.95 10874.08
V 2636 50950.68 10854.87
V 2637 50950.69 10854.84
V 2638 50950.73 10854.75
V 2639 50950.77 10854.64
V 2640 50951.28 10853.79
V 2641 50951.34 10853.70
V 2642 50990.55 10797.35
V 2643 50998.29 10778.13
V 2644 50998.30 10778.10
V 2645 50998.34 10778.01
V 2646 50998.38 10777.90
V 2647 50998.89 10777.05
V 2648 50998.95 10776.96
V 2649 51038.06 10720.76
V 2650 51045.82 10701.50
V 2651 51045.83 10701.47
V 2652 51045.87 10701.38
V 2653 51045.91 10701.27
V 2654 51046.42 10700.42
V 2655 51046.48 10700.33
V 2656 51085.63 10644.08
V 2657 51093.36 10624.87
V 2658 51093.37 10624.84
V 2659 51093.41 10624.75
V 2660 51093.45 10624.64
V 2661 51093.96 10623.79
V 2662 51094.02 10623.70
V 2663 51133.23 10567.34
V 2664 51140.97 10548.13
V 2665 51140.98 10548.10
V 2666 51141.02 10548.01
V 2667 51141.06 10547.90
V 2668 51141.57 10547.05
V 2669 51141.63 10546.96
V 2670 51180.74 10490.76
V 2671 51188.48 10471.53
V 2672 51188.49 10471.50
V 2673 51188.53 10471.41
V 2674 51188.57 10471.29
V 2675 51189.08 10470.45
V 2676 51189.14 10470.36
V 2677 51228.29 10414.09
V 2678 51236.06 10394.79
V 2679 51236.07 10394.76
V 2680 51236.11 10394.67
V 2681 51236.15 10394.56
V 2682 51236.66 10393.70
V 2683 51236.72 10393.62
V 2684 51275.10 10338.50
V 2685 51291.58 10297.27
V 2686 51291.63 10297.15
V 2687 51291.69 10297.04
V 2688 51292.28 10296.08
V 2689 51292.36 10295.96
V 2690 51292.40 10295.91
V 2691 51292.44 10295.87
V 2692 51440.29 10102.94
V 2693 51458.59 10069.26
V 2694 51458.67 10069.12
V 2695 51459.24 10068.29
V 2696 51459.33 10068.18
V 2697 51459.48 10068.03
V 2698 51499.16 10028.87
V 2699 51507.21 10014.07
V 2700 51507.25 10014.01
V 2701 51507.26 10013.99
V 2702 51507.29 10013.95
V 2703 51507.36 10013.85
V 2704 51507.37 10013.83
V 2705 51507.85 10013.12
V 2706 51507.94 10013.00
V 2707 51508.04 10012.89
V 2708 51547.43 9974.02
V 2709 51555.45 9959.23
V 2710 51555.53 9959.10
V 2711 51556.10 9958.27
V 2712 51556.19 9958.15
V 2713 51556.34 9958.00
V 2714 51596.04 9918.83
V 2715 51604.06 9904.04
V 2716 51604.14 9903.92
V 2717 51604.71 9903.09
V 2718 51604.80 9902.96
V 2719 51604.95 9902.82
V 2720 51644.62 9863.67
V 2721 51652.67 9848.86
V 2722 51652.71 9848.79
V 2723 51652.72 9848.78
V 2724 51652.75 9848.74
V 2725 51652.82 9848.64
V 2726 51652.83 9848.62
V 2727 51653.31 9847.91
V 2728 51653.40 9847.79
V 2729 51653.50 9847.68
V 2730 51692.90 9808.82
V 2731 51700.90 9794.06
V 2732 51700.93 9794.00
V 2733 51700.98 9793.91
V 2734 51701.01 9793.86
V 2735 51701.58 9793.03
V 2736 51701.67 9792.91
V 2737 51701.82 9792.76
V 2738 51741.62 9753.50
V 2739 51749.68 9738.68
V 2740 51749.72 9738.62
V 2741 51749.73 9738.60
V 2742 51749.76 9738.56
V 2743 51749.83 9738.45
V 2744 51749.84 9738.44
V 2745 51750.32 9737.73
V 2746 51750.41 9737.61
V 2747 51750.51 9737.50
V 2748 51789.98 9698.56
V 2749 51798.03 9683.71
V 2750 51798.11 9683.59
V 2751 51798.68 9682.76
V 2752 51798.77 9682.64
V 2753 51798.92 9682.49
V 2754 51838.39 9643.56
V 2755 51846.21 9629.14
V 2756 51846.29 9629.01
V 2757 51846.86 9628.18
V 2758 51846.95 9628.06
V 2759 51847.10 9627.91
V 2760 51933.03 9543.00
V 2761 51992.66 9453.12
V 2762 51992.75 9453.00
V 2763 51992.85 9452.89
V 2764 51993.61 9452.12
V 2765 52031.52 9417.40
V 2766 52127.02 9275.54
V 2767 52127.03 9275.52
V 2768 52127.09 9275.44
V 2769 52127.14 9275.36
V 2770 52171.42 9230.83
V 2771 52296.95 9039.23
V 2772 52296.96 9039.20
V 2773 52297.08 9039.04
V 2774 52297.18 9038.93
V 2775 52298.04 9038.07
V 2776 52298.09 9038.04
V 2777 52504.08 8863.29
V 2778 52566.94 8769.95
V 2779 52566.95 8769.94
V 2780 52567.01 8769.86
V 2781 52567.06 8769.78
V 2782 52610.77 8725.83
V 2783 52738.75 8530.36
V 2784 52738.76 8530.34
V 2785 52738.88 8530.17
V 2786 52738.98 8530.06
V 2787 52739.84 8529.20
V 2788 52739.89 8529.17
V 2789 52944.90 8355.35
V 2790 53032.75 8221.37
V 2791 53032.76 8221.36
V 2792 53032.88 8221.19
V 2793 53032.98 8221.08
V 2794 53033.92 8220.14
V 2795 53033.97 8220.11
V 2796 53239.33 8045.14
V 2797 53332.98 7901.50
V 2798 53333.08 7901.36
V 2799 53333.20 7901.24
V 2800 53334.04 7900.43
V 2801 53334.12 7900.35
V 2802 53334.16 7900.32
V 2803 53467.05 7790.98
V 2804 53487.21 7771.10
V 2805 53495.26 7756.30
V 2806 53495.30 7756.24
V 2807 53495.31 7756.22
V 2808 53495.34 7756.18
V 2809 53495.41 7756.08
V 2810 53495.42 7756.06
V 2811 53495.90 7755.35
V 2812 53495.99 7755.23
V 2813 53496.09 7755.12
V 2814 53535.52 7716.21
V 2815 53543.60 7701.31
V 2816 53543.68 7701.18
V 2817 53544.25 7700.35
V 2818 53544.34 7700.23
V 2819 53544.49 7700.08
V 2820 53584.05 7661.06
V 2821 53592.11 7646.23
V 2822 53592.15 7646.17
V 2823 53592.16 7646.15
V 2824 53592.19 7646.11
V 2825 53592.26 7646.01
V 2826 53592.27 7645.99
V 2827 53592.75 7645.28
V 2828 53592.84 7645.16
V 2829 53592.94 7645.05
V 2830 53699.17 7540.25
V 2831 53795.90 7403.31
V 2832 53795.98 7403.21
V 2833 53797.02 7402.17
V 2834 53797.13 7402.07
V 2835 53797.25 7401.98
V 2836 53837.14 7375.39
V 2837 53845.59 7363.44
V 2838 53845.67 7363.34
V 2839 53845.75 7363.25
V 2840 53846.70 7362.30
V 2841 53846.81 7362.20
V 2842 53846.93 7362.11
V 2843 53886.78 7335.55
V 2844 53895.32 7323.47
V 2845 53895.40 7323.37
V 2846 53895.48 7323.28
V 2847 53896.43 7322.33
V 2848 53896.54 7322.23
V 2849 53896.66 7322.14
V 2850 53936.27 7295.75
V 2851 53944.72 7283.78
V 2852 53944.80 7283.68
V 2853 53945.84 7282.64
V 2854 53945.95 7282.54
V 2855 53946.07 7282.45
V 2856 53986.22 7255.69
V 2857 53994.60 7243.84
V 2858 53994.68 7243.74
V 2859 53994.76 7243.65
V 2860 53995.71 7242.70
V 2861 53995.82 7242.60
V 2862 53995.94 7242.51
V 2863 54036.13 7215.73
V 2864 54044.59 7203.75
V 2865 54044.67 7203.65
V 2866 54045.71 7202.61
V 2867 54045.82 7202.51
V 2868 54045.94 7202.42
V 2869 54085.47 7176.08
V 2870 54093.94 7164.09
V 2871 54094.02 7163.99
V 2872 54095.06 7162.95
V 2873 54095.17 7162.85
V 2874 54095.29 7162.76
V 2875 54135.18 7136.16
V 2876 54143.62 7124.23
V 2877 54143.70 7124.13
V 2878 54143.78 7124.04
V 2879 54144.73 7123.09
V 2880 54144.84 7122.99
V 2881 54144.96 7122.90
V 2882 54185.20 7096.08
V 2883 54191.28 7087.48
V 2884 54191.36 7087.38
V 2885 54191.44 7087.29
V 2886 54192.35 7086.38
V 2887 54192.46 7086.28
V 2888 54192.57 7086.20
V 2889 54248.95 7048.24
V 2890 54328.71 6952.32
V 2891 54328.74 6952.27
V 2892 54329.62 6951.39
V 2893 54329.71 6951.32
V 2894 54467.42 6851.78
V 2895 54478.54 6838.40
V 2896 54478.57 6838.35
V 2897 54479.45 6837.47
V 2898 54479.54 6837.40
V 2899 54617.56 6737.66
V 2900 54627.36 6725.87
V 2901 54627.39 6725.82
V 2902 54628.18 6725.03
V 2903 54628.27 6724.95
V 2904 54628.36 6724.88
V 2905 54798.35 6601.45
V 2906 54877.71 6506.03
V 2907 54877.74 6505.98
V 2908 54878.62 6505.10
V 2909 54878.71 6505.03
V 2910 55016.55 6405.30
V 2911 55027.75 6391.83
V 2912 55027.78 6391.78
V 2913 55028.66 6390.90
V 2914 55028.75 6390.83
V 2915 55059.28 6368.77
V 2916 55059.28 73.47
V 2917 55062.28 73.47
V 2918 55062.28 6369.54
