46.52 7322.47
46.52 6725.22
160.91 5998.61
335.91 5322.69
506.62 4806.66
676.60 4374.25
848.39 3992.81
1019.94 3652.62
1192.29 3342.97
1367.08 3055.33
1539.74 2792.90
1713.65 2547.39
1892.13 2312.36
2066.88 2096.79
2246.76 1888.33
2427.28 1691.36
2603.26 1510.22
2781.21 1337.13
2971.43 1162.11
3147.85 1008.56
3328.28 859.75
3511.97 716.27
3703.54 574.38
3894.04 440.81
4072.40 322.38
4263.13 202.41
4452.22 89.92
4641.63 -16.53
4835.03 -119.08
5023.77 -213.35
5225.39 -308.11
5413.79 -391.22
5588.92 -463.55
5809.63 -548.65
6037.77 -630.44
6233.95 -695.56
6439.73 -758.52
6646.20 -816.39
6861.23 -871.34
7043.32 -913.35
7258.64 -957.72
7599.95 -1010.86
7914.73 -1052.33
13906.95 -1767.56
13906.95 -2106.36
