47290.08 21043.98
47290.10 20213.46
47319.46 19915.31
47336.57 19810.72
47375.55 19661.87
47383.00 19616.36
47421.98 19467.52
47429.43 19422.00
47468.41 19273.16
47475.86 19227.65
47514.83 19078.81
47522.29 19033.29
47561.26 18884.45
47568.72 18838.93
47607.68 18690.16
47615.15 18644.58
47654.12 18495.74
47661.58 18450.23
47700.55 18301.38
47707.99 18255.91
47746.98 18107.02
47754.43 18061.50
47793.41 17912.66
47800.86 17867.15
47839.83 17718.38
47847.29 17672.80
47886.26 17523.96
47893.72 17478.43
47932.69 17329.59
47940.15 17284.09
47979.11 17135.30
47986.58 17089.73
48025.55 16940.89
48033.01 16895.38
48071.98 16746.53
48079.43 16701.02
48118.77 16550.78
48129.42 16491.02
48129.64 16490.14
48173.17 16395.16
48180.78 16367.82
48220.01 16282.23
48227.65 16254.79
48266.89 16169.18
48274.52 16141.80
48313.80 16056.10
48321.41 16028.75
48360.64 15943.13
48368.27 15915.74
48407.52 15830.11
48415.16 15802.68
48454.38 15717.10
48462.02 15689.69
48501.28 15604.03
48508.91 15576.63
48548.18 15490.96
48555.79 15463.61
48595.06 15377.93
48602.67 15350.58
48641.93 15264.92
48649.54 15237.57
48688.77 15151.97
48696.40 15124.57
48735.65 15038.91
48743.29 15011.50
48782.61 14925.70
48789.19 14902.14
48832.75 14801.58
48841.79 14775.07
48876.29 14699.80
48883.92 14672.41
48923.43 14586.19
48925.58 14578.59
48972.23 14443.68
48972.35 14443.56
48990.01 14398.87
49042.30 14294.60
49063.82 14247.66
49071.43 14220.31
49110.67 14134.67
49118.30 14107.28
49157.54 14021.65
49165.18 13994.24
49204.42 13908.62
49212.06 13881.20
49251.31 13795.59
49258.93 13768.21
49298.16 13682.62
49305.79 13655.22
49345.04 13569.56
49352.68 13542.15
49391.93 13456.51
49399.57 13429.08
49438.58 13344.01
49450.68 13300.20
49451.02 13299.41
49537.11 13138.37
49565.09 13098.17
49572.95 13078.67
49573.40 13077.92
49612.62 13021.56
49620.48 13002.04
49620.93 13001.29
49660.17 12944.88
49668.03 12925.37
49668.48 12924.62
49707.73 12868.21
49715.58 12848.72
49716.03 12847.97
49755.29 12791.55
49763.14 12772.06
49763.59 12771.31
49812.33 12701.26
49851.73 12627.16
49882.33 12569.44
49882.95 12568.49
49883.11 12568.33
49946.17 12483.28
49953.39 12465.36
49953.84 12464.61
49993.12 12408.15
50000.98 12388.66
50001.43 12387.91
50049.94 12318.18
50097.15 12235.91
50133.19 12164.53
50175.22 12084.66
50219.85 12028.28
50243.50 11947.25
50243.85 11946.41
50316.76 11808.45
50451.01 11632.67
50464.60 11606.83
50570.65 11474.47
50575.25 11463.54
50575.67 11462.83
50616.69 11403.83
50647.58 11332.54
50667.66 11296.17
50703.72 11224.76
50749.04 11139.01
50883.49 10962.79
50897.39 10936.35
50928.41 10897.61
50944.27 10874.81
50952.12 10855.31
50952.57 10854.56
50991.87 10798.08
50999.73 10778.57
51000.18 10777.82
51039.38 10721.49
51047.26 10701.94
51047.71 10701.19
51086.95 10644.81
51094.80 10625.31
51095.25 10624.56
51134.55 10568.07
51142.41 10548.57
51142.86 10547.82
51182.06 10491.49
51189.92 10471.96
51190.37 10471.21
51229.61 10414.82
51237.50 10395.23
51237.95 10394.48
51276.42 10339.21
51292.97 10297.83
51293.56 10296.87
51441.57 10103.73
51459.91 10069.98
51460.48 10069.15
51500.38 10029.78
51508.53 10014.79
51509.09 10013.95
51548.65 9974.92
51556.77 9959.95
51557.34 9959.12
51597.26 9919.73
51605.38 9904.77
51605.95 9903.94
51645.84 9864.57
51653.99 9849.58
51654.55 9848.75
51694.11 9809.73
51702.25 9794.70
51702.82 9793.87
51742.84 9754.40
51751.00 9739.40
51751.56 9738.57
51791.20 9699.45
51799.35 9684.44
51799.92 9683.61
51839.61 9644.45
51847.53 9629.86
51848.10 9629.03
51934.20 9543.95
51993.91 9453.95
51994.56 9453.29
52032.66 9418.39
52128.30 9276.32
52172.57 9231.79
52298.24 9039.99
52299.00 9039.23
52505.21 8864.29
52568.22 8770.74
52611.93 8726.79
52740.04 8531.12
52740.80 8530.36
52946.03 8356.36
53034.04 8222.14
53034.88 8221.29
53240.48 8046.12
53334.24 7902.32
53335.08 7901.51
53468.06 7792.09
53488.43 7772.00
53496.58 7757.02
53497.14 7756.19
53536.74 7717.11
53544.92 7702.03
53545.49 7701.20
53585.27 7661.96
53593.43 7646.95
53593.99 7646.12
53700.35 7541.19
53797.13 7404.18
53798.08 7403.23
53838.20 7376.49
53846.81 7364.31
53847.76 7363.36
53887.84 7336.65
53896.54 7324.34
53897.49 7323.39
53937.35 7296.83
53945.95 7284.65
53946.90 7283.70
53987.28 7256.79
53995.82 7244.71
53996.77 7243.76
54037.21 7216.81
54045.82 7204.62
54046.77 7203.67
54086.55 7177.16
54095.17 7164.96
54096.12 7164.01
54136.24 7137.26
54144.84 7125.10
54145.79 7124.15
54186.26 7097.18
54192.50 7088.35
54193.41 7087.44
54249.97 7049.36
54329.90 6953.23
54330.59 6952.54
54468.44 6852.90
54479.73 6839.31
54480.42 6838.62
54618.58 6738.78
54628.55 6726.78
54629.24 6726.09
54799.39 6602.55
54878.90 6506.94
54879.59 6506.25
55017.57 6406.42
55028.94 6392.74
55029.63 6392.05
55060.78 6369.54
55060.78 73.47

48129.64 16490.14
48111.06 16490.14
47812.91 16460.78
47708.32 16443.66
47559.47 16404.68
47513.96 16397.24
47365.12 16358.26
47319.60 16350.81
47170.76 16311.83
47125.25 16304.38
46976.41 16265.41
46930.89 16257.95
46782.05 16218.98
46736.53 16211.52
46587.76 16172.56
46542.18 16165.09
46393.34 16126.12
46347.83 16118.66
46198.98 16079.69
46153.51 16072.25
46004.62 16033.26
45959.11 16025.81
45810.27 15986.83
45764.75 15979.38
45615.98 15940.41
45570.40 15932.95
45421.56 15893.98
45376.04 15886.52
45227.20 15847.55
45181.69 15840.09
45032.90 15801.13
44987.33 15793.66
44838.49 15754.69
44792.98 15747.23
44644.13 15708.26
44598.62 15700.81
44448.38 15661.47
44388.62 15650.82
44387.74 15650.60
44292.76 15607.07
44265.42 15599.46
44179.83 15560.23
44152.39 15552.59
44066.78 15513.35
44039.40 15505.72
43953.70 15466.44
43926.35 15458.83
43840.73 15419.60
43813.34 15411.97
43727.71 15372.72
43700.28 15365.08
43614.70 15325.86
43587.29 15318.22
43501.63 15278.96
43474.23 15271.33
43388.56 15232.06
43361.21 15224.45
43275.53 15185.18
43248.18 15177.57
43162.52 15138.31
43135.17 15130.70
43049.57 15091.47
43022.17 15083.84
42936.51 15044.59
42909.10 15036.95
42823.30 14997.63
42799.74 14991.05
42699.18 14947.49
42672.67 14938.45
42597.40 14903.95
42570.01 14896.32
42483.79 14856.81
42476.19 14854.66
42341.28 14808.01
42341.16 14807.89
42296.47 14790.23
42192.20 14737.94
42145.26 14716.42
42117.91 14708.81
42032.27 14669.57
42004.88 14661.94
41919.25 14622.70
41891.83 14615.06
41806.22 14575.82
41778.80 14568.18
41693.19 14528.93
41665.81 14521.31
41580.22 14482.08
41552.82 14474.45
41467.16 14435.20
41439.75 14427.56
41354.11 14388.31
41326.68 14380.67
41241.61 14341.66
41197.80 14329.56
41197.01 14329.22
41035.97 14243.13
40995.76 14215.15
40976.26 14207.29
40975.51 14206.84
40919.16 14167.62
40899.64 14159.76
40898.89 14159.31
40842.48 14120.07
40822.97 14112.21
40822.22 14111.76
40765.81 14072.51
40746.32 14064.66
40745.57 14064.21
40689.15 14024.95
40669.66 14017.10
40668.91 14016.65
40598.86 13967.91
40524.76 13928.51
40467.04 13897.91
40466.08 13897.29
40465.93 13897.13
40380.87 13834.07
40362.96 13826.85
40362.21 13826.40
40305.75 13787.12
40286.26 13779.26
40285.51 13778.81
40215.78 13730.30
40133.51 13683.09
40062.12 13647.05
39982.26 13605.02
39925.87 13560.39
39844.85 13536.74
39844.01 13536.39
39706.05 13463.48
39530.26 13329.23
39504.43 13315.64
39372.07 13209.59
39361.14 13204.99
39360.43 13204.57
39301.43 13163.55
39230.14 13132.66
39193.76 13112.58
39122.36 13076.52
39036.61 13031.20
38860.39 12896.75
38833.94 12882.85
38795.21 12851.83
38772.41 12835.97
38752.91 12828.12
38752.16 12827.67
38695.68 12788.37
38676.17 12780.51
38675.42 12780.06
38619.08 12740.86
38599.54 12732.98
38598.79 12732.53
38542.41 12693.29
38522.91 12685.44
38522.16 12684.99
38465.67 12645.69
38446.17 12637.83
38445.42 12637.38
38389.08 12598.18
38369.57 12590.32
38368.82 12589.87
38312.42 12550.63
38292.83 12542.74
38292.08 12542.29
38236.82 12503.82
38195.43 12487.27
38194.47 12486.68
38001.33 12338.67
37967.58 12320.33
37966.75 12319.76
37927.37 12279.86
37912.39 12271.71
37911.56 12271.15
37872.51 12231.59
37857.55 12223.47
37856.72 12222.90
37817.33 12182.98
37802.37 12174.86
37801.54 12174.29
37762.17 12134.40
37747.18 12126.25
37746.35 12125.69
37707.33 12086.13
37692.31 12077.99
37691.48 12077.42
37652.00 12037.40
37637.00 12029.24
37636.17 12028.68
37597.06 11989.04
37582.04 11980.89
37581.21 11980.32
37542.06 11940.63
37527.46 11932.71
37526.62 11932.14
37441.55 11846.04
37351.55 11786.33
37350.90 11785.68
37315.99 11747.58
37173.92 11651.94
37129.40 11607.67
36937.58 11482.00
36936.83 11481.24
36761.90 11275.03
36668.33 11212.02
36624.39 11168.31
36428.72 11040.20
36427.96 11039.44
36253.96 10834.21
36119.74 10746.20
36118.90 10745.36
35943.72 10539.76
35799.92 10446.00
35799.11 10445.16
35689.69 10312.18
35669.60 10291.81
35654.62 10283.66
35653.79 10283.10
35614.71 10243.50
35599.62 10235.32
35598.80 10234.75
35559.56 10194.96
35544.55 10186.81
35543.72 10186.25
35438.79 10079.89
35301.78 9983.11
35300.83 9982.16
35274.08 9942.04
35261.91 9933.43
35260.96 9932.48
35234.25 9892.40
35221.94 9883.70
35220.99 9882.75
35194.43 9842.89
35182.25 9834.29
35181.30 9833.34
35154.39 9792.95
35142.31 9784.42
35141.36 9783.46
35114.41 9743.03
35102.22 9734.42
35101.26 9733.46
35074.76 9693.69
35062.56 9685.07
35061.61 9684.12
35034.86 9644.00
35022.69 9635.40
35021.75 9634.45
34994.78 9593.98
34985.94 9587.74
34985.04 9586.83
