-8574.10 21043.96
-8574.08 20177.90
-8538.91 19820.84
-8513.09 19662.98
-8474.29 19514.82
-8466.82 19469.18
-8427.87 19320.47
-8420.39 19274.74
-8381.59 19126.61
-8374.16 19081.23
-8334.85 18931.09
-8327.48 18886.09
-8288.64 18737.77
-8281.18 18692.23
-8242.25 18543.56
-8234.68 18497.37
-8195.65 18348.31
-8188.26 18303.23
-8149.40 18154.79
-8141.92 18109.09
-8102.76 17959.55
-8095.34 17914.25
-8056.34 17765.31
-8049.04 17720.72
-8009.96 17571.54
-8002.49 17525.89
-7963.50 17376.98
-7955.87 17330.41
-7917.09 17182.28
-7909.73 17137.40
-7870.77 16988.59
-7863.35 16943.36
-7824.25 16794.00
-7816.72 16748.08
-7777.71 16599.09
-7770.54 16555.25
-7729.46 16398.37
-7719.10 16340.23
-7697.42 16253.50
-7650.56 16151.26
-7642.84 16123.54
-7603.58 16037.87
-7595.89 16010.25
-7556.35 15923.98
-7548.69 15896.50
-7509.86 15811.79
-7502.38 15784.88
-7462.57 15698.01
-7454.83 15670.22
-7415.77 15585.01
-7408.05 15557.30
-7368.75 15471.54
-7361.21 15444.48
-7322.12 15359.19
-7314.49 15331.79
-7275.41 15246.53
-7267.97 15219.79
-7228.67 15134.05
-7221.08 15106.76
-7181.82 15021.10
-7174.02 14993.07
-7134.77 14907.45
-7127.13 14880.00
-7087.59 14793.72
-7080.00 14766.49
-7040.24 14679.72
-7036.61 14666.73
-6984.53 14546.47
-6971.83 14509.25
-6947.48 14456.14
-6939.79 14428.53
-6891.52 14323.19
-6800.06 14058.70
-6775.60 14034.24
-6759.47 14002.07
-6752.25 13976.14
-6712.54 13889.48
-6704.79 13861.66
-6665.74 13776.45
-6658.20 13749.39
-6618.76 13663.34
-6611.04 13635.63
-6572.42 13551.39
-6564.81 13524.04
-6525.16 13437.54
-6517.54 13410.18
-6477.99 13323.86
-6470.31 13296.29
-6431.32 13211.24
-6423.87 13184.49
-6385.56 13100.93
-6375.13 13063.18
-6345.43 12994.87
-6224.42 12768.50
-6212.36 12751.17
-6179.39 12695.34
-6164.99 12674.63
-6131.72 12618.32
-6116.58 12596.56
-6083.99 12541.40
-6068.87 12519.68
-6036.07 12464.17
-6021.09 12442.64
-5989.01 12388.35
-5948.59 12330.26
-5883.73 12208.25
-5825.72 12119.54
-5814.42 12108.24
-5798.38 12081.09
-5784.11 12060.58
-5752.54 12007.15
-5703.21 11936.24
-5684.59 11903.80
-5652.60 11840.45
-5577.32 11697.38
-5573.81 11692.95
-5553.25 11643.58
-5438.40 11426.26
-5303.60 11249.75
-5286.49 11217.23
-5178.39 11082.30
-5175.83 11077.97
-5160.91 11056.51
-5146.72 11023.76
-5116.07 10968.24
-5078.27 10893.40
-5005.81 10756.29
-4871.60 10580.39
-4854.33 10547.54
-4818.24 10502.46
-4799.79 10471.24
-4784.83 10449.74
-4751.72 10393.68
-4737.20 10372.81
-4705.46 10319.10
-4690.28 10297.27
-4657.31 10241.46
-4642.52 10220.21
-4609.77 10164.79
-4594.88 10143.41
-4562.47 10088.57
-4547.20 10066.61
-4515.83 10013.51
-4507.43 10001.46
-4497.32 9976.15
-4446.81 9895.34
-4310.89 9717.98
-4301.18 9700.10
-4241.72 9613.61
-4207.85 9580.18
-4192.53 9557.90
-4159.97 9525.75
-4144.53 9503.29
-4111.25 9470.44
-4095.78 9447.95
-4062.49 9415.08
-4047.00 9392.56
-4014.22 9360.20
-3998.66 9337.58
-3965.57 9304.92
-3950.28 9282.68
-3917.35 9250.18
-3901.94 9227.74
-3868.72 9194.96
-3854.01 9173.58
-3772.57 9093.09
-3713.10 9003.44
-3665.55 8955.90
-3576.51 8823.64
-3537.03 8783.93
-3411.73 8592.69
-3334.89 8515.85
-3183.91 8387.77
-3137.87 8319.41
-3097.84 8279.16
-2969.57 8083.25
-2896.06 8009.74
-2746.08 7882.58
-2673.99 7772.65
-2603.14 7701.80
-2453.02 7573.89
-2370.50 7447.32
-2292.01 7372.10
-2204.29 7299.92
-2171.96 7268.01
-2156.44 7245.41
-2123.03 7212.44
-2107.34 7189.62
-1999.27 7082.99
-1903.26 6947.07
-1810.35 6854.17
-1780.09 6834.00
-1759.52 6813.43
-1730.43 6794.04
-1710.09 6773.70
-1680.79 6754.18
-1660.63 6734.02
-1630.99 6714.27
-1610.95 6694.23
-1581.36 6674.50
-1560.95 6654.08
-1531.69 6634.58
-1511.34 6614.23
-1481.82 6594.54
-1461.59 6574.32
-1429.12 6552.68
-1414.33 6537.88
-1386.72 6519.29
-1351.37 6476.78
-1286.78 6412.19
-1157.67 6318.87
-1137.64 6298.81
-1004.82 6202.81
-989.26 6187.25
-845.53 6082.90
-803.48 6032.33
-803.48 73.47

-7697.42 16253.50
-7699.24 16237.87
-7701.07 16228.32
-7703.50 16220.60
-7705.74 16213.69
-7709.80 16207.60
-7713.46 16201.91
-7718.74 16196.02
-7736.41 16162.70
-7742.57 16151.93
-7748.81 16147.39
-7750.51 16143.85
-7752.64 16138.60
-7758.17 16133.78
-7761.15 16128.39
-7766.40 16125.13
-7769.23 16116.33
-7779.76 16101.66
-7787.10 16085.70
-7798.59 16079.64
-7804.97 16072.94
-7871.18 15972.67
-7884.82 15955.43
-7883.03 15885.43
-7918.57 15867.13
-7935.80 15857.43
-7935.80 15839.13
-7947.64 15817.59
-7964.88 15801.43
-7978.79 15787.36
-7989.53 15771.51
-8004.03 15757.55
-8011.28 15744.39
-8023.37 15733.91
-8028.20 15727.47
-8038.68 15712.70
-8053.78 15695.78
-8070.70 15669.80
-8086.41 15639.58
-8103.33 15622.06
-8122.22 15595.02
-8161.64 15555.59
-8173.88 15547.44
-8186.12 15513.45
-8210.59 15480.82
-8230.98 15464.50
-8244.58 15452.27

-6939.79 14428.53
-6931.98 14424.61
-6925.67 14422.60
-6921.91 14422.07
-6917.25 14420.42
-6913.80 14419.95
-6911.36 14419.47
-6909.35 14419.15
-6907.01 14418.67
-6903.14 14418.30
-6900.65 14417.93
-6896.20 14417.67
-6894.50 14417.51
-6892.43 14417.45
-6887.61 14416.66
-6881.09 14415.65
-6858.48 14412.71
-6854.66 14412.43
-6846.31 14410.28
-6833.07 14407.06
-6824.96 14406.35
-6819.11 14403.60
-6809.57 14400.03
-6795.02 14396.45
-6776.23 14394.48
-6764.78 14392.15
-6760.84 14392.15
-6741.68 14388.49
-6733.44 14386.87
-6724.56 14385.64
-6719.22 14385.30
-6716.82 14382.60
-6712.60 14381.08
-6701.20 14380.25
-6696.78 14379.00
-6660.79 14372.60
