75252.74 6188.47
75252.74 5352.30
75225.84 5252.77
75056.10 4754.06
74886.10 4331.02
74715.69 3959.30
74545.30 3626.51
74373.03 3321.08
74198.73 3037.69
74026.78 2779.30
73853.88 2537.73
73676.11 2305.94
73501.52 2092.52
73328.21 1893.47
73141.24 1691.21
72966.48 1512.80
72788.67 1341.21
72608.24 1176.61
72419.88 1013.91
72242.80 868.98
72059.28 726.72
71883.11 597.32
71692.13 464.35
71490.84 331.73
71272.78 195.82
71050.31 69.76
70860.61 -34.10
70673.75 -130.57
70475.78 -226.80
70279.88 -316.29
70091.82 -396.81
69872.16 -485.64
69655.82 -565.29
69375.05 -661.20
69139.34 -729.52
68829.33 -812.68
68617.92 -862.29
68179.64 -948.38
67977.85 -980.19
67690.57 -1018.60
58801.35 -2079.61
58801.35 -2106.36
