30832.12 109888.10
30902.81 109888.10
30910.23 109864.60
30920.15 109840.13
30939.52 109823.58
30951.71 109785.02
30956.92 109772.14
30977.72 109754.38
30993.17 109705.45
30993.70 109704.14
31015.91 109685.18
31031.74 109635.08
31054.11 109615.97
31069.93 109565.87
31092.30 109546.77
31108.13 109496.67
31130.50 109477.57
31146.32 109427.47
31168.70 109408.36
31184.52 109358.25
31206.88 109339.16
31222.70 109289.07
31245.08 109269.96
31260.91 109219.86
31283.28 109200.75
31299.10 109150.66
31321.48 109131.55
31337.30 109081.44
31359.67 109062.34
31375.49 109012.25
31397.86 108993.14
31413.69 108943.04
31436.06 108923.94
31451.88 108873.84
31474.25 108854.73
31490.07 108804.64
31512.46 108785.53
31528.30 108735.36
31550.55 108716.35
31566.11 108667.16
31590.02 108646.83
31603.64 108603.01
31614.04 108594.42
31625.70 108561.42
31632.42 108556.25
31645.47 108524.69
31652.12 108519.91
31666.77 108489.28
31673.85 108484.51
31689.59 108455.76
31699.33 108449.65
31747.21 108371.68
31779.47 108355.21
31801.99 108329.90
31811.83 108325.25
31836.12 108300.95
31847.05 108296.20
31873.74 108272.48
31886.14 108267.55
31919.75 108241.14
31969.53 108222.68
32028.81 108186.05
32033.92 108184.62
32076.44 108163.13
32099.73 108157.62
32157.81 108133.60
32273.95 108107.72
32285.54 108104.73
32290.83 108104.06
32370.58 108089.15
32583.55 108075.14
32837.19 108058.86
37802.56 108058.86
