30833.82 108772.00
30902.81 108772.00
30910.88 108765.11
30920.60 108734.33
30929.34 108712.75
30949.07 108695.91
30962.07 108654.76
30966.12 108644.76
30987.27 108626.70
31003.09 108576.60
31025.46 108557.50
31041.29 108507.40
31063.66 108488.30
31079.49 108438.18
31101.82 108419.10
31117.59 108369.24
31140.47 108349.79
31155.25 108302.26
31173.91 108286.84
31188.76 108244.82
31207.05 108230.73
31223.60 108190.71
31242.46 108177.14
31260.82 108138.75
31280.39 108125.58
31300.36 108089.10
31321.72 108075.69
31353.72 108023.58
31356.71 108021.41
31450.00 107942.39
31457.53 107938.55
31485.48 107907.12
31509.42 107895.81
31539.65 107865.57
31565.06 107854.53
31598.09 107825.17
31625.39 107814.33
31663.78 107784.16
31741.33 107755.40
31818.90 107707.47
31845.58 107700.00
31897.67 107673.66
31940.31 107663.57
32003.60 107637.41
32016.05 107635.03
32153.04 107604.50
32187.79 107595.54
32210.43 107592.65
32305.82 107574.82
32550.00 107558.76
32813.26 107541.86
37802.56 107541.86
